ingredientName,ingredient
246,1
97,4
22,5
35,5
257,5
280,5
380,5
12,6
16,6
17,6
18,6
49,6
53,6
70,6
79,6
86,6
100,6
148,6
150,6
157,6
159,6
218,6
222,6
246,6
254,6
257,6
259,6
260,6
261,6
271,6
283,6
290,6
291,6
292,6
295,6
307,6
308,6
333,6
346,6
352,6
355,6
367,6
368,6
382,6
404,6
415,6
703,6
120,8
142,8
320,8
22,10
86,10
103,10
118,10
141,10
153,10
163,10
194,10
197,10
262,10
308,10
310,10
312,10
317,10
325,10
336,10
338,10
349,10
370,10
377,10
380,10
408,10
11,12
17,12
23,12
79,12
145,12
222,12
246,12
265,12
271,12
292,12
319,12
324,12
325,12
327,12
336,12
352,12
355,12
367,12
404,12
549,12
150,13
16,15
120,15
128,15
132,15
150,15
174,15
221,15
223,15
254,15
259,15
266,15
340,15
6,16
12,16
17,16
29,16
32,16
49,16
53,16
60,16
72,16
91,16
98,16
100,16
120,16
128,16
132,16
133,16
136,16
143,16
144,16
145,16
153,16
157,16
165,16
168,16
169,16
173,16
174,16
185,16
187,16
188,16
189,16
198,16
211,16
217,16
221,16
222,16
224,16
251,16
254,16
259,16
266,16
271,16
280,16
283,16
288,16
292,16
298,16
301,16
304,16
312,16
319,16
321,16
324,16
325,16
333,16
355,16
365,16
380,16
386,16
391,16
397,16
415,16
11,17
13,17
16,17
41,17
98,17
100,17
143,17
145,17
151,17
176,17
185,17
188,17
205,17
209,17
218,17
246,17
250,17
254,17
260,17
261,17
283,17
298,17
301,17
304,17
320,17
333,17
355,17
386,17
391,17
397,17
407,17
16,18
69,18
185,18
222,18
278,18
324,18
70,19
16,20
218,20
221,20
246,20
301,20
333,20
26,22
29,22
32,22
45,22
47,22
48,22
107,22
141,22
222,22
257,22
264,22
280,22
304,22
308,22
310,22
375,22
377,22
380,22
408,22
120,23
142,23
22,24
33,24
60,24
69,24
72,24
91,24
95,24
141,24
142,24
172,24
189,24
282,24
304,24
310,24
312,24
319,24
325,24
364,24
365,24
368,24
380,24
549,24
41,25
44,25
58,25
145,25
160,25
225,25
241,25
253,25
260,25
261,25
295,25
355,25
358,25
372,25
29,26
46,26
102,26
212,26
220,26
257,26
270,26
280,26
282,26
286,26
303,26
309,26
310,26
319,26
323,26
364,26
375,26
380,26
385,26
386,26
409,26
144,31
397,31
35,33
47,33
53,33
91,33
152,33
222,33
225,33
228,33
245,33
253,33
270,33
280,33
282,33
286,33
290,33
303,33
312,33
338,33
364,33
397,33
414,33
16,35
22,35
23,35
33,35
47,35
48,35
53,35
56,35
58,35
62,35
63,35
64,35
65,35
66,35
69,35
70,35
74,35
85,35
120,35
128,35
132,35
133,35
137,35
150,35
152,35
163,35
166,35
173,35
174,35
178,35
201,35
205,35
221,35
222,35
224,35
257,35
262,35
272,35
280,35
282,35
286,35
301,35
304,35
307,35
309,35
310,35
312,35
323,35
325,35
333,35
338,35
349,35
368,35
369,35
370,35
372,35
374,35
377,35
380,35
402,35
549,35
338,36
4,37
17,37
98,37
100,37
124,37
127,37
143,37
145,37
151,37
222,37
225,37
246,37
250,37
254,37
260,37
261,37
265,37
298,37
301,37
324,37
344,37
355,37
358,37
364,37
378,37
386,37
391,37
788,37
30,38
71,38
105,38
254,38
349,38
71,39
81,39
265,39
3,40
10,41
13,41
22,41
24,41
26,41
29,41
32,41
46,41
47,41
58,41
60,41
62,41
65,41
69,41
70,41
79,41
85,41
91,41
117,41
118,41
119,41
120,41
139,41
141,41
142,41
150,41
152,41
155,41
156,41
157,41
163,41
185,41
197,41
200,41
205,41
220,41
222,41
223,41
225,41
245,41
246,41
250,41
253,41
257,41
260,41
261,41
262,41
271,41
272,41
278,41
280,41
282,41
286,41
291,41
299,41
303,41
304,41
308,41
309,41
310,41
311,41
312,41
319,41
321,41
323,41
327,41
332,41
336,41
337,41
338,41
349,41
354,41
355,41
367,41
368,41
380,41
396,41
407,41
408,41
409,41
549,41
100,42
222,42
272,43
33,44
131,44
257,44
416,44
325,45
41,47
319,47
121,48
257,48
16,49
22,49
23,49
26,49
45,49
47,49
48,49
53,49
60,49
62,49
63,49
64,49
65,49
69,49
70,49
71,49
72,49
79,49
85,49
97,49
120,49
128,49
132,49
148,49
150,49
153,49
156,49
157,49
159,49
163,49
221,49
222,49
223,49
225,49
251,49
257,49
259,49
262,49
264,49
272,49
280,49
286,49
290,49
292,49
304,49
312,49
319,49
324,49
349,49
352,49
355,49
367,49
377,49
415,49
549,49
6,51
29,51
32,51
35,51
41,51
47,51
49,51
62,51
66,51
79,51
107,51
155,51
220,51
222,51
225,51
228,51
251,51
253,51
257,51
262,51
271,51
272,51
290,51
292,51
316,51
317,51
321,51
349,51
407,51
409,51
683,51
65,52
33,53
113,53
225,53
272,53
292,53
316,53
380,53
262,56
22,58
26,58
48,58
170,58
200,58
205,58
220,58
272,58
303,58
304,58
323,58
380,58
257,59
10,62
13,62
41,62
141,62
142,62
220,62
245,62
260,62
261,62
262,62
303,62
303,62
380,62
403,62
292,63
95,64
272,64
262,65
225,66
222,67
24,69
41,69
49,69
79,69
118,69
222,69
257,69
257,69
262,69
264,69
1,70
6,70
16,70
19,70
30,70
31,70
40,70
44,70
49,70
89,70
91,70
92,70
102,70
107,70
128,70
134,70
144,70
145,70
150,70
157,70
159,70
168,70
241,70
254,70
259,70
260,70
261,70
266,70
271,70
272,70
290,70
292,70
296,70
297,70
299,70
303,70
307,70
315,70
317,70
318,70
320,70
323,70
331,70
334,70
336,70
349,70
355,70
367,70
397,70
402,70
403,70
408,70
415,70
416,70
549,70
703,70
107,71
107,72
266,74
703,79
315,82
397,82
107,84
107,85
134,87
31,89
53,89
69,89
70,89
71,89
79,89
85,89
92,89
95,89
137,89
174,89
222,89
352,89
91,90
95,90
6,91
12,91
13,91
22,91
26,91
46,91
47,91
48,91
156,91
157,91
185,91
220,91
225,91
259,91
292,91
299,91
303,91
305,91
307,91
312,91
319,91
321,91
338,91
349,91
386,91
397,91
403,91
13,93
29,93
41,93
137,93
205,93
221,93
250,93
270,93
287,93
298,93
386,93
95,96
105,96
136,96
222,97
369,97
372,97
374,97
17,98
100,98
127,98
161,98
185,98
250,98
260,98
261,98
354,98
396,98
154,99
13,100
17,100
41,100
98,100
127,100
205,100
250,100
254,100
287,100
304,100
48,102
304,102
377,102
380,102
412,103
69,104
220,104
222,104
262,104
308,104
16,105
69,105
143,105
218,105
246,105
265,105
344,105
137,106
4,107
6,107
49,107
253,107
254,107
268,107
321,107
358,107
498,107
788,107
16,108
17,108
70,108
77,108
82,108
98,108
150,108
173,108
187,108
218,108
221,108
222,108
246,108
262,108
265,108
301,108
324,108
333,108
354,108
365,108
391,108
17,109
105,109
354,109
121,112
260,113
261,113
3,114
41,114
145,114
159,114
169,114
170,114
173,114
185,114
189,114
194,114
205,114
223,114
257,114
287,114
295,114
309,114
349,114
358,114
29,117
32,117
41,117
102,117
153,117
185,117
303,117
349,117
32,118
69,118
95,118
251,118
282,118
32,120
92,120
95,120
221,120
22,123
23,123
28,123
33,123
40,123
46,123
47,123
48,123
53,123
58,123
60,123
62,123
64,123
86,123
91,123
98,123
100,123
102,123
105,123
117,123
120,123
121,123
128,123
141,123
142,123
156,123
157,123
164,123
185,123
245,123
253,123
254,123
268,123
278,123
286,123
296,123
297,123
299,123
309,123
317,123
327,123
332,123
355,123
368,123
377,123
391,123
409,123
549,123
26,124
26,124
47,124
70,124
120,124
141,124
142,124
142,124
150,124
153,124
153,124
157,124
254,124
282,124
323,124
369,124
48,125
282,125
404,125
16,126
17,126
35,126
48,126
69,126
72,126
74,126
78,126
85,126
118,126
132,126
133,126
150,126
152,126
153,126
163,126
173,126
208,126
218,126
221,126
222,126
223,126
246,126
251,126
257,126
262,126
272,126
280,126
282,126
301,126
304,126
311,126
312,126
319,126
325,126
364,126
380,126
386,126
48,127
98,127
100,127
218,127
222,127
270,127
272,127
291,127
301,127
386,127
391,127
6,128
12,128
71,128
91,128
107,128
144,128
152,128
243,128
257,128
259,128
273,128
278,128
292,128
299,128
303,128
304,128
307,128
321,128
333,128
349,128
403,128
415,128
95,130
304,130
308,130
414,130
257,131
16,132
259,132
304,132
346,132
46,133
262,133
85,134
304,134
155,135
159,135
225,135
286,135
349,135
16,136
173,136
222,136
254,136
11,138
260,138
261,138
32,139
280,139
396,139
10,142
22,142
26,142
41,142
47,142
62,142
70,142
86,142
91,142
103,142
152,142
153,142
156,142
157,142
163,142
222,142
224,142
257,142
262,142
264,142
282,142
303,142
308,142
309,142
312,142
332,142
377,142
380,142
408,142
549,142
16,143
17,143
32,143
49,143
98,143
151,143
218,143
221,143
246,143
250,143
254,143
260,143
261,143
265,143
288,143
292,143
298,143
301,143
324,143
325,143
344,143
355,143
364,143
386,143
26,144
91,144
117,144
128,144
132,144
145,144
198,144
262,144
272,144
291,144
304,144
307,144
349,144
352,144
368,144
402,144
415,144
3,145
12,145
16,145
17,145
47,145
63,145
97,145
113,145
153,145
221,145
222,145
223,145
246,145
253,145
254,145
259,145
260,145
261,145
265,145
270,145
271,145
276,145
292,145
295,145
296,145
297,145
304,145
312,145
322,145
355,145
358,145
380,145
396,145
404,145
416,145
549,145
703,145
312,147
6,148
225,148
253,148
260,148
261,148
316,148
150,149
280,149
286,149
380,149
6,150
10,150
12,150
13,150
22,150
26,150
41,150
45,150
46,150
47,150
48,150
51,150
53,150
56,150
60,150
62,150
63,150
69,150
70,150
72,150
85,150
91,150
97,150
102,150
107,150
117,150
128,150
131,150
133,150
144,150
145,150
156,150
157,150
169,150
220,150
222,150
223,150
225,150
251,150
253,150
257,150
259,150
262,150
271,150
272,150
278,150
280,150
286,150
292,150
299,150
303,150
304,150
307,150
319,150
355,150
358,150
377,150
380,150
386,150
391,150
403,150
414,150
549,150
683,150
22,151
22,151
29,151
131,151
222,151
222,151
227,151
246,151
250,151
260,151
261,151
296,151
297,151
308,151
355,151
364,151
378,151
10,153
12,153
29,153
32,153
48,153
49,153
117,153
185,153
222,153
257,153
260,153
261,153
280,153
303,153
322,153
404,153
91,154
153,154
155,154
161,154
257,154
280,154
309,154
17,155
26,155
32,155
45,155
47,155
48,155
53,155
62,155
63,155
65,155
70,155
97,155
135,155
152,155
173,155
222,155
223,155
225,155
257,155
262,155
271,155
272,155
276,155
278,155
280,155
282,155
286,155
289,155
291,155
292,155
296,155
297,155
308,155
311,155
323,155
346,155
349,155
365,155
377,155
380,155
549,155
10,156
16,156
22,156
23,156
35,156
45,156
46,156
47,156
48,156
49,156
51,156
53,156
56,156
60,156
69,156
70,156
72,156
85,156
91,156
97,156
102,156
107,156
120,156
128,156
135,156
141,156
142,156
150,156
157,156
165,156
168,156
169,156
221,156
222,156
257,156
262,156
272,156
280,156
286,156
291,156
304,156
307,156
312,156
354,156
355,156
368,156
377,156
380,156
397,156
415,156
16,157
32,157
53,157
72,157
77,157
85,157
120,157
221,157
222,157
251,157
280,157
299,157
303,157
304,157
307,157
380,157
128,158
280,158
128,159
157,159
221,159
222,159
251,159
291,159
368,159
380,160
128,161
154,161
218,161
257,161
354,161
364,161
396,161
92,162
165,162
199,162
32,163
222,163
223,163
380,163
380,164
10,165
12,165
16,165
17,165
22,165
24,165
26,165
30,165
41,165
49,165
53,165
58,165
60,165
62,165
65,165
66,165
69,165
79,165
91,165
117,165
119,165
120,165
128,165
132,165
134,165
137,165
144,165
151,165
153,165
155,165
156,165
157,165
159,165
163,165
185,165
205,165
218,165
222,165
224,165
225,165
233,165
235,165
245,165
262,165
268,165
272,165
287,165
291,165
292,165
296,165
297,165
301,165
303,165
304,165
308,165
309,165
310,165
312,165
315,165
317,165
319,165
322,165
323,165
324,165
325,165
334,165
338,165
365,165
367,165
368,165
376,165
378,165
386,165
391,165
392,165
393,165
395,165
408,165
409,165
549,165
62,166
79,166
222,166
304,166
312,166
368,166
377,166
62,168
91,168
120,168
132,168
134,168
153,168
156,168
159,168
222,168
291,168
312,168
319,168
325,168
338,168
365,168
17,169
218,169
301,169
16,172
303,172
393,172
16,173
53,173
89,173
91,173
117,173
120,173
128,173
153,173
245,173
272,173
303,173
315,173
376,173
392,173
395,173
272,174
365,176
22,178
153,178
222,178
262,178
308,178
309,178
301,180
24,181
41,181
58,181
62,181
66,181
117,181
119,181
128,181
132,181
156,181
223,181
272,181
291,181
292,181
299,181
308,181
309,181
310,181
367,181
386,181
26,182
163,182
222,182
225,182
317,182
549,182
134,183
325,183
53,186
365,186
367,186
132,187
312,187
319,187
325,187
53,188
22,189
309,190
310,190
53,192
325,192
368,192
53,193
10,194
58,194
60,194
69,194
309,194
324,194
325,194
10,197
24,197
41,197
117,197
205,197
225,197
308,197
309,197
310,197
317,197
408,197
549,197
26,198
144,198
292,198
10,200
22,200
24,200
26,200
28,200
41,200
53,200
58,200
62,200
65,200
69,200
72,200
91,200
117,200
118,200
119,200
120,200
128,200
153,200
156,200
157,200
163,200
185,200
205,200
222,200
225,200
301,200
304,200
308,200
309,200
310,200
312,200
317,200
319,200
323,200
324,200
338,200
349,200
368,200
369,200
376,200
408,200
549,200
26,201
58,201
60,201
69,201
79,201
153,201
205,201
301,201
304,201
319,201
408,201
120,202
325,202
17,204
12,205
17,205
26,205
41,205
58,205
65,205
93,205
120,205
181,205
185,205
201,205
218,205
220,205
221,205
245,205
246,205
265,205
287,205
301,205
304,205
308,205
324,205
325,205
355,205
386,205
391,205
392,205
393,205
396,205
408,205
308,206
91,208
134,208
156,208
301,208
305,208
309,208
312,208
317,208
325,208
338,208
58,209
235,209
367,209
384,209
235,210
134,211
315,211
117,212
120,212
128,212
144,212
157,212
262,212
308,212
128,213
386,213
409,213
13,218
16,218
17,218
127,218
143,218
161,218
165,218
169,218
176,218
179,218
185,218
187,218
188,218
189,218
198,218
214,218
215,218
246,218
250,218
254,218
260,218
261,218
265,218
270,218
287,218
298,218
304,218
325,218
333,218
346,218
386,218
13,220
22,220
23,220
26,220
33,220
35,220
45,220
47,220
48,220
62,220
85,220
91,220
150,220
153,220
156,220
157,220
159,220
185,220
222,220
245,220
257,220
262,220
272,220
278,220
280,220
282,220
286,220
291,220
304,220
309,220
312,220
338,220
377,220
380,220
12,221
16,221
32,221
46,221
132,221
168,221
205,221
304,221
324,221
346,221
386,221
391,221
703,221
1,222
4,222
6,222
13,222
16,222
17,222
22,222
24,222
28,222
33,222
35,222
41,222
49,222
60,222
64,222
102,222
107,222
116,222
117,222
118,222
121,222
128,222
131,222
141,222
142,222
145,222
148,222
150,222
151,222
156,222
157,222
159,222
160,222
164,222
169,222
189,222
196,222
220,222
221,222
221,222
223,222
228,222
243,222
245,222
246,222
251,222
253,222
254,222
259,222
260,222
261,222
265,222
266,222
271,222
278,222
283,222
290,222
292,222
296,222
297,222
301,222
303,222
307,222
312,222
319,222
320,222
321,222
322,222
323,222
325,222
331,222
336,222
349,222
355,222
358,222
364,222
365,222
367,222
375,222
391,222
397,222
403,222
404,222
405,222
407,222
408,222
414,222
415,222
416,222
498,222
703,222
788,222
6,223
62,223
118,223
121,223
145,223
156,223
163,223
181,223
222,223
271,223
278,223
292,223
308,223
498,223
91,224
95,224
265,224
304,224
368,224
380,224
1,225
3,225
4,225
6,225
32,225
33,225
41,225
48,225
53,225
58,225
62,225
63,225
64,225
66,225
67,225
69,225
70,225
75,225
85,225
86,225
91,225
97,225
101,225
102,225
113,225
117,225
118,225
128,225
131,225
135,225
145,225
148,225
150,225
152,225
163,225
223,225
238,225
243,225
246,225
253,225
254,225
257,225
259,225
260,225
261,225
263,225
264,225
271,225
272,225
280,225
282,225
283,225
291,225
292,225
295,225
296,225
297,225
304,225
308,225
311,225
316,225
317,225
344,225
349,225
355,225
377,225
380,225
396,225
402,225
404,225
410,225
412,225
414,225
549,225
683,225
703,225
788,225
377,226
53,227
86,227
304,227
53,228
101,228
152,228
236,228
70,229
97,229
128,229
150,229
153,229
257,229
317,229
380,229
128,230
150,230
271,230
291,230
308,230
380,230
549,230
257,232
33,233
46,233
48,233
53,233
66,233
74,233
131,233
150,233
222,233
257,233
272,233
280,233
282,233
283,233
291,233
304,233
308,233
311,233
355,233
70,234
33,236
66,236
549,236
33,237
66,237
272,237
63,239
66,239
67,239
107,239
155,239
227,239
228,239
251,239
271,239
292,239
153,240
272,240
280,240
332,240
368,240
377,240
304,241
32,242
53,242
65,242
69,242
71,242
83,242
102,242
237,242
246,242
254,242
257,242
260,242
261,242
272,242
282,242
292,242
308,242
414,242
703,242
12,243
131,243
225,243
245,243
254,243
259,243
272,243
280,243
304,243
308,243
321,243
331,243
349,243
355,243
372,243
391,243
703,243
10,245
16,245
22,245
23,245
26,245
33,245
41,245
46,245
47,245
48,245
53,245
69,245
72,245
72,245
85,245
118,245
150,245
153,245
154,245
156,245
157,245
185,245
205,245
220,245
222,245
223,245
253,245
257,245
262,245
263,245
272,245
280,245
282,245
286,245
291,245
299,245
301,245
303,245
304,245
308,245
309,245
310,245
311,245
312,245
319,245
332,245
333,245
337,245
338,245
349,245
352,245
380,245
397,245
21,246
41,246
82,246
92,246
93,246
95,246
98,246
143,246
145,246
151,246
153,246
218,246
221,246
225,246
228,246
250,246
254,246
259,246
260,246
261,246
265,246
266,246
283,246
290,246
298,246
301,246
304,246
324,246
325,246
333,246
340,246
344,246
355,246
358,246
386,246
391,246
703,246
41,248
93,248
95,248
189,248
205,248
218,248
221,248
250,248
260,248
261,248
265,248
283,248
298,248
301,248
324,248
325,248
355,248
386,248
391,248
93,249
703,249
17,250
41,250
93,250
100,250
151,250
154,250
160,250
218,250
221,250
246,250
260,250
261,250
265,250
283,250
298,250
301,250
324,250
325,250
344,250
355,250
365,250
378,250
386,250
391,250
56,251
63,251
67,251
257,251
257,251
262,251
309,251
316,251
549,251
24,253
33,253
41,253
46,253
47,253
48,253
53,253
58,253
62,253
64,253
66,253
70,253
75,253
83,253
85,253
91,253
101,253
102,253
113,253
117,253
128,253
131,253
132,253
139,253
148,253
150,253
152,253
153,253
155,253
163,253
222,253
223,253
224,253
225,253
228,253
236,253
237,253
245,253
257,253
260,253
261,253
262,253
264,253
270,253
271,253
272,253
278,253
280,253
291,253
295,253
296,253
297,253
303,253
304,253
308,253
311,253
316,253
325,253
337,253
338,253
349,253
354,253
355,253
380,253
404,253
414,253
549,253
3,254
6,254
12,254
16,254
17,254
18,254
21,254
31,254
32,254
41,254
63,254
70,254
71,254
72,254
85,254
86,254
97,254
98,254
100,254
127,254
143,254
145,254
148,254
150,254
151,254
185,254
205,254
218,254
221,254
222,254
223,254
225,254
233,254
243,254
246,254
252,254
259,254
260,254
261,254
265,254
271,254
276,254
283,254
292,254
295,254
296,254
297,254
298,254
301,254
304,254
307,254
308,254
312,254
321,254
322,254
324,254
325,254
340,254
352,254
355,254
358,254
367,254
386,254
391,254
397,254
404,254
407,254
410,254
683,254
703,254
1,255
47,255
91,255
145,255
179,255
225,255
250,255
271,255
290,255
304,255
337,255
355,255
703,255
271,256
703,256
24,257
48,257
56,257
251,257
262,257
272,257
380,257
257,258
3,259
6,259
12,259
16,259
32,259
63,259
69,259
70,259
72,259
97,259
98,259
100,259
113,259
128,259
145,259
148,259
150,259
218,259
221,259
222,259
223,259
246,259
252,259
254,259
254,259
260,259
261,259
265,259
271,259
276,259
283,259
286,259
287,259
292,259
295,259
296,259
297,259
304,259
307,259
316,259
321,259
322,259
324,259
325,259
344,259
346,259
355,259
358,259
367,259
397,259
404,259
414,259
683,259
703,259
4,260
17,260
32,260
62,260
151,260
218,260
225,260
246,260
250,260
253,260
265,260
271,260
280,260
295,260
296,260
297,260
298,260
301,260
324,260
344,260
355,260
364,260
378,260
391,260
404,260
41,261
44,261
102,261
113,261
128,261
148,261
222,261
225,261
253,261
271,261
280,261
291,261
304,261
308,261
332,261
396,261
60,262
107,262
150,262
253,262
257,262
12,265
17,265
29,265
31,265
82,265
95,265
143,265
145,265
151,265
205,265
218,265
221,265
246,265
254,265
298,265
301,265
324,265
325,265
386,265
391,265
16,266
17,266
70,266
74,266
100,266
187,266
208,266
218,266
221,266
246,266
265,266
283,266
324,266
325,266
333,266
365,266
386,266
391,266
16,267
98,267
246,267
354,267
6,269
12,269
12,269
144,269
145,269
252,269
254,269
259,269
271,269
358,269
3,271
6,271
16,271
17,271
22,271
23,271
46,271
47,271
63,271
70,271
85,271
91,271
97,271
102,271
117,271
120,271
128,271
144,271
145,271
150,271
153,271
155,271
157,271
159,271
218,271
222,271
223,271
225,271
237,271
254,271
259,271
260,271
261,271
262,271
270,271
280,271
286,271
291,271
292,271
295,271
296,271
297,271
303,271
304,271
308,271
312,271
319,271
322,271
344,271
349,271
355,271
368,271
380,271
396,271
404,271
549,271
703,271
4,272
19,272
24,272
32,272
33,272
41,272
47,272
48,272
49,272
58,272
62,272
70,272
155,272
187,272
222,272
225,272
225,272
236,272
238,272
253,272
257,272
271,272
272,272
280,272
303,272
316,272
332,272
368,272
375,272
376,272
397,272
788,272
107,273
128,273
144,273
397,273
70,274
380,274
33,275
98,275
100,275
272,275
332,275
272,277
223,278
254,278
292,278
301,278
358,278
380,278
498,278
282,279
12,280
22,280
26,280
28,280
33,280
41,280
155,280
159,280
164,280
220,280
271,280
272,280
312,280
319,280
332,280
355,280
364,280
280,281
124,282
16,283
17,283
29,283
32,283
95,283
161,283
183,283
185,283
222,283
250,283
309,283
355,283
386,283
403,283
185,284
222,284
301,284
346,284
354,285
135,286
150,286
289,286
303,286
98,287
100,287
143,287
156,287
168,287
218,287
220,287
245,287
246,287
254,287
283,287
291,287
299,287
301,287
303,287
309,287
312,287
325,287
378,287
386,287
397,287
16,288
22,288
26,288
33,288
47,288
53,288
62,288
91,288
93,288
98,288
100,288
120,288
133,288
150,288
154,288
157,288
218,288
221,288
222,288
224,288
245,288
246,288
260,288
261,288
272,288
280,288
282,288
287,288
291,288
296,288
297,288
301,288
303,288
309,288
312,288
319,288
325,288
364,288
397,288
155,289
159,289
286,289
349,289
3,291
24,291
32,291
33,291
41,291
48,291
131,291
152,291
253,291
260,291
261,291
270,291
280,291
282,291
299,291
303,291
304,291
319,291
321,291
338,291
354,291
377,291
380,291
414,291
498,291
3,292
12,292
16,292
23,292
32,292
33,292
53,292
58,292
62,292
63,292
64,292
66,292
71,292
75,292
83,292
86,292
91,292
97,292
128,292
132,292
143,292
144,292
145,292
150,292
153,292
155,292
163,292
222,292
223,292
224,292
225,292
237,292
238,292
242,292
253,292
254,292
257,292
259,292
260,292
261,292
271,292
272,292
276,292
278,292
280,292
290,292
291,292
295,292
296,292
297,292
304,292
308,292
312,292
316,292
317,292
321,292
322,292
349,292
355,292
365,292
380,292
396,292
404,292
414,292
498,292
549,292
703,292
13,293
18,293
222,293
246,293
262,293
283,293
301,293
304,293
6,294
48,294
58,294
70,294
117,294
148,294
150,294
156,294
253,294
254,294
259,294
260,294
261,294
265,294
271,294
280,294
295,294
308,294
311,294
322,294
332,294
365,294
368,294
549,294
62,295
63,295
117,295
128,295
150,295
222,295
223,295
292,295
365,295
404,295
222,296
304,296
6,297
16,297
48,297
139,297
153,297
222,297
223,297
271,297
272,297
299,297
322,297
378,297
380,297
703,297
11,298
13,298
16,298
17,298
18,298
41,298
49,298
98,298
100,298
143,298
145,298
218,298
246,298
254,298
260,298
261,298
265,298
280,298
355,298
367,298
386,298
222,299
262,299
282,299
412,299
33,300
12,301
16,301
32,301
49,301
127,301
145,301
151,301
165,301
169,301
173,301
185,301
200,301
205,301
211,301
222,301
246,301
250,301
260,301
261,301
265,301
304,301
324,301
386,301
391,301
407,301
11,302
12,302
13,302
31,302
49,302
105,302
144,302
145,302
160,302
221,302
246,302
252,302
254,302
259,302
260,302
261,302
271,302
287,302
301,302
307,302
324,302
358,302
391,302
3,303
23,303
24,303
26,303
48,303
58,303
62,303
64,303
91,303
120,303
121,303
128,303
148,303
150,303
153,303
156,303
157,303
159,303
168,303
181,303
220,303
222,303
245,303
253,303
272,303
280,303
282,303
286,303
291,303
296,303
297,303
299,303
307,303
309,303
311,303
327,303
332,303
337,303
352,303
367,303
368,303
380,303
397,303
407,303
1,304
12,304
16,304
17,304
32,304
41,304
46,304
49,304
53,304
58,304
102,304
107,304
128,304
131,304
137,304
144,304
145,304
218,304
221,304
243,304
246,304
259,304
299,304
321,304
325,304
331,304
355,304
365,304
391,304
407,304
415,304
703,304
201,305
70,306
128,306
132,306
304,306
338,306
144,307
397,307
6,308
16,308
32,308
41,308
95,308
141,308
142,308
155,308
159,308
181,308
225,308
254,308
262,308
280,308
292,308
303,308
319,308
349,308
355,308
367,308
375,308
404,308
408,308
410,308
498,308
549,308
22,309
28,309
141,309
154,309
159,309
185,309
220,309
231,309
245,309
260,309
261,309
271,309
272,309
280,309
287,309
292,309
296,309
297,309
303,309
319,309
334,309
338,309
349,309
367,309
368,309
374,309
397,309
403,309
703,309
10,311
156,311
158,311
163,311
262,311
368,311
24,312
33,312
46,312
91,312
92,312
95,312
107,312
182,312
222,312
262,312
286,312
319,312
333,312
338,312
365,312
375,312
377,312
380,312
86,313
92,313
280,313
6,315
259,315
262,315
53,316
66,316
91,317
95,317
222,317
322,318
3,319
10,319
13,319
16,319
23,319
24,319
32,319
33,319
41,319
45,319
46,319
47,319
48,319
62,319
69,319
91,319
102,319
107,319
128,319
150,319
157,319
169,319
173,319
185,319
198,319
200,319
204,319
217,319
218,319
220,319
221,319
223,319
225,319
245,319
254,319
257,319
262,319
270,319
271,319
272,319
280,319
282,319
292,319
296,319
297,319
304,319
308,319
321,319
323,319
327,319
349,319
355,319
367,319
368,319
375,319
380,319
397,319
408,319
410,319
415,319
549,319
319,320
337,320
12,321
23,321
53,321
58,321
71,321
91,321
120,321
128,321
150,321
157,321
159,321
185,321
221,321
223,321
259,321
265,321
271,321
286,321
292,321
295,321
304,321
308,321
312,321
319,321
320,321
322,321
349,321
365,321
380,321
549,321
703,321
95,322
222,322
292,322
295,322
312,322
380,322
404,322
683,322
137,323
205,324
246,324
260,324
261,324
333,324
391,324
396,324
12,325
29,325
32,325
49,325
166,325
168,325
169,325
171,325
181,325
183,325
184,325
185,325
187,325
192,325
200,325
202,325
205,325
208,325
214,325
218,325
221,325
222,325
224,325
250,325
253,325
265,325
301,325
304,325
321,325
333,325
355,325
367,325
386,325
391,325
396,325
703,325
60,326
220,326
222,326
245,326
309,326
327,326
1,327
4,327
6,327
11,327
12,327
13,327
24,327
30,327
33,327
41,327
49,327
58,327
60,327
64,327
91,327
102,327
118,327
121,327
124,327
131,327
141,327
142,327
145,327
148,327
150,327
155,327
156,327
159,327
160,327
164,327
220,327
232,327
243,327
245,327
253,327
255,327
257,327
260,327
261,327
271,327
272,327
278,327
280,327
290,327
291,327
292,327
295,327
296,327
297,327
299,327
303,327
315,327
316,327
317,327
319,327
320,327
321,327
322,327
323,327
325,327
336,327
349,327
351,327
352,327
355,327
364,327
365,327
367,327
375,327
397,327
399,327
407,327
408,327
409,327
412,327
414,327
415,327
498,327
703,327
48,328
222,328
225,328
280,328
291,328
304,328
355,328
33,329
224,329
312,329
397,329
78,331
222,331
254,331
304,331
321,331
325,331
344,331
355,331
703,331
17,333
32,333
70,333
74,333
137,333
167,333
266,333
304,333
16,334
22,334
26,334
35,334
41,334
49,334
62,334
91,334
104,334
136,334
142,334
153,334
154,334
169,334
220,334
235,334
288,334
312,334
326,334
333,334
349,334
549,334
60,336
141,336
262,336
264,336
308,336
325,336
388,336
16,338
33,338
35,338
91,338
95,338
291,338
305,338
312,338
319,338
380,338
6,339
11,339
12,339
13,339
124,339
132,339
144,339
172,339
196,339
225,339
254,339
259,339
270,339
358,339
391,339
403,339
3,340
165,340
204,340
205,340
246,340
271,340
287,340
292,340
30,341
182,341
246,341
271,341
288,341
13,343
200,343
4,344
33,344
143,344
148,344
260,344
260,344
261,344
261,344
703,344
222,345
1,346
6,346
17,346
49,346
92,346
93,346
132,346
137,346
221,346
228,346
246,346
259,346
307,346
312,346
315,346
324,346
365,346
415,346
549,346
6,347
49,347
116,347
128,347
132,347
134,347
137,347
157,347
218,347
220,347
246,347
254,347
265,347
325,347
415,347
549,347
63,348
85,348
97,348
145,348
153,348
222,348
223,348
253,348
254,348
259,348
271,348
276,348
291,348
292,348
308,348
321,348
380,348
1,349
4,349
6,349
10,349
12,349
17,349
22,349
23,349
24,349
26,349
32,349
33,349
40,349
41,349
45,349
46,349
47,349
48,349
49,349
51,349
53,349
56,349
58,349
60,349
62,349
63,349
64,349
65,349
66,349
67,349
69,349
70,349
71,349
72,349
72,349
74,349
75,349
79,349
80,349
82,349
83,349
84,349
85,349
86,349
91,349
97,349
102,349
103,349
113,349
117,349
118,349
119,349
120,349
128,349
131,349
132,349
133,349
141,349
142,349
144,349
148,349
150,349
152,349
153,349
155,349
156,349
157,349
157,349
163,349
168,349
170,349
173,349
181,349
185,349
189,349
197,349
200,349
205,349
218,349
222,349
223,349
224,349
225,349
228,349
236,349
237,349
238,349
243,349
245,349
251,349
253,349
254,349
257,349
259,349
262,349
263,349
264,349
271,349
272,349
276,349
280,349
282,349
286,349
290,349
291,349
292,349
295,349
296,349
297,349
303,349
304,349
305,349
307,349
308,349
309,349
311,349
312,349
316,349
317,349
319,349
320,349
321,349
322,349
323,349
325,349
327,349
336,349
338,349
346,349
351,349
355,349
365,349
367,349
368,349
369,349
370,349
375,349
376,349
377,349
380,349
386,349
397,349
402,349
404,349
407,349
408,349
410,349
415,349
498,349
549,349
683,349
703,349
144,352
159,352
259,352
303,352
397,352
415,352
404,353
136,354
291,354
344,354
346,354
364,354
415,354
3,355
6,355
12,355
16,355
17,355
18,355
23,355
26,355
44,355
46,355
48,355
63,355
70,355
72,355
77,355
78,355
79,355
84,355
85,355
91,355
98,355
100,355
102,355
105,355
113,355
127,355
128,355
131,355
139,355
145,355
148,355
150,355
151,355
153,355
159,355
218,355
221,355
223,355
225,355
243,355
246,355
250,355
252,355
253,355
254,355
259,355
260,355
261,355
262,355
263,355
271,355
276,355
278,355
280,355
282,355
283,355
287,355
292,355
295,355
296,355
297,355
298,355
299,355
301,355
304,355
307,355
308,355
312,355
324,355
325,355
327,355
333,355
338,355
340,355
344,355
349,355
352,355
354,355
368,355
377,355
378,355
386,355
391,355
396,355
404,355
412,355
414,355
683,355
703,355
11,356
11,357
41,357
47,357
53,357
62,357
97,357
117,357
222,357
257,357
272,357
319,357
341,357
364,357
549,357
69,358
222,358
380,358
282,360
311,360
145,361
254,361
271,361
309,362
22,364
33,364
95,364
105,364
139,364
145,364
151,364
222,364
260,364
261,364
271,364
280,364
282,364
312,364
327,364
338,364
355,364
380,364
386,364
391,364
396,364
414,364
3,365
24,365
29,365
32,365
165,365
166,365
171,365
172,365
173,365
181,365
182,365
185,365
187,365
198,365
200,365
201,365
202,365
212,365
222,365
250,365
270,365
325,365
333,365
386,365
391,365
367,366
181,367
255,367
291,367
303,367
391,367
4,368
58,368
64,368
95,368
97,368
113,368
121,368
153,368
222,368
223,368
253,368
346,368
408,368
97,369
113,369
152,369
95,370
95,372
257,372
95,374
6,375
113,375
336,375
399,375
85,376
151,378
222,378
260,378
261,378
344,378
355,378
391,378
124,380
160,380
220,380
253,380
303,380
323,380
6,382
22,382
26,382
28,382
46,382
53,382
58,382
62,382
64,382
69,382
89,382
97,382
128,382
152,382
175,382
189,382
209,382
212,382
221,382
222,382
259,382
262,382
265,382
271,382
272,382
309,382
325,382
358,382
368,382
378,382
391,382
397,382
402,382
415,382
53,383
64,383
97,383
107,383
369,383
372,383
374,383
22,385
171,385
194,385
209,385
223,385
224,385
257,385
262,385
309,385
325,385
11,386
12,386
16,386
17,386
18,386
22,386
22,386
23,386
28,386
29,386
47,386
98,386
120,386
150,386
157,386
168,386
189,386
205,386
213,386
214,386
215,386
218,386
222,386
246,386
250,386
265,386
283,386
286,386
298,386
301,386
317,386
325,386
355,386
364,386
365,386
380,386
391,386
409,386
549,386
21,387
29,387
58,387
64,387
95,387
127,387
185,387
205,387
214,387
251,387
270,387
310,387
319,387
334,387
354,387
399,387
404,387
407,387
220,388
321,388
336,388
245,389
355,389
75,390
222,390
243,390
304,390
13,391
16,391
17,391
18,391
29,391
41,391
46,391
47,391
75,391
91,391
98,391
100,391
105,391
127,391
132,391
145,391
150,391
151,391
160,391
168,391
171,391
173,391
181,391
185,391
186,391
187,391
200,391
205,391
208,391
209,391
211,391
214,391
218,391
221,391
222,391
246,391
254,391
259,391
260,391
261,391
265,391
280,391
283,391
287,391
292,391
299,391
301,391
304,391
308,391
312,391
319,391
324,391
325,391
344,391
354,391
355,391
358,391
364,391
365,391
367,391
378,391
386,391
396,391
408,391
549,391
173,392
16,393
168,393
187,393
200,393
201,393
205,393
221,393
304,394
168,395
173,395
139,396
280,396
291,396
344,396
16,397
48,397
71,397
72,397
72,397
82,397
85,397
95,397
128,397
257,397
291,397
303,397
304,397
312,397
323,397
352,397
368,397
380,397
102,398
148,398
32,400
304,400
156,401
223,401
292,401
144,402
70,403
6,404
63,404
97,404
145,404
151,404
153,404
155,404
223,404
225,404
253,404
254,404
259,404
260,404
261,404
271,404
292,404
295,404
296,404
297,404
308,404
322,404
348,404
349,404
355,404
549,404
703,404
145,405
254,405
260,405
261,405
292,405
355,405
318,406
22,408
24,408
26,408
35,408
41,408
56,408
58,408
63,408
69,408
118,408
142,408
155,408
159,408
163,408
166,408
170,408
187,408
197,408
200,408
202,408
205,408
221,408
223,408
257,408
308,408
310,408
319,408
321,408
346,408
349,408
549,408
141,410
325,410
6,411
72,412
103,412
257,412
291,412
308,412
355,412
6,413
148,413
411,413
33,414
128,414
231,414
291,414
11,415
49,415
120,415
128,415
144,415
304,415
307,415
346,415
352,415
304,416
319,416
355,416
32,417
95,417
97,417
113,417
222,417
251,417
151,418
260,418
261,418
287,418
386,418
391,418
32,420
380,420
257,421
308,421
349,421
355,421
259,422
260,422
261,422
304,422
355,422
391,422
703,422
375,424
225,425
271,425
11,426
13,426
16,426
144,426
246,426
265,426
270,426
304,426
325,426
336,426
355,426
391,426
22,427
23,427
26,427
46,427
47,427
48,427
58,427
64,427
70,427
72,427
74,427
79,427
85,427
91,427
133,427
150,427
153,427
157,427
163,427
208,427
220,427
222,427
223,427
257,427
262,427
263,427
272,427
282,427
286,427
304,427
309,427
311,427
312,427
319,427
321,427
327,427
333,427
349,427
355,427
368,427
380,427
703,427
29,428
145,428
156,428
253,428
316,428
322,428
368,428
11,429
62,429
91,429
117,429
150,429
270,429
291,429
303,429
319,429
355,429
380,429
16,431
220,431
223,431
272,431
280,431
303,431
17,432
41,432
48,432
91,432
150,432
253,432
327,432
355,432
44,433
139,433
222,433
225,433
253,433
255,433
257,433
260,433
261,433
280,433
296,433
297,433
304,433
327,433
344,433
349,433
355,433
549,433
703,433
12,434
13,434
24,434
26,434
28,434
33,434
41,434
45,434
46,434
49,434
51,434
53,434
56,434
58,434
62,434
84,434
91,434
98,434
100,434
101,434
102,434
117,434
120,434
127,434
128,434
142,434
151,434
154,434
155,434
160,434
161,434
181,434
224,434
246,434
259,434
260,434
261,434
265,434
276,434
298,434
301,434
317,434
320,434
332,434
333,434
340,434
355,434
358,434
364,434
365,434
367,434
378,434
386,434
414,434
549,434
12,437
29,437
32,437
35,437
47,437
49,437
58,437
121,437
145,437
221,437
225,437
253,437
260,437
261,437
271,437
292,437
295,437
304,437
308,437
321,437
322,437
346,437
349,437
404,437
95,439
26,443
33,443
41,443
46,443
47,443
53,443
60,443
62,443
85,443
91,443
98,443
100,443
127,443
128,443
141,443
142,443
145,443
153,443
161,443
231,443
250,443
265,443
290,443
301,443
316,443
332,443
364,443
396,443
407,443
549,443
11,445
16,445
17,445
98,445
100,445
246,445
265,445
703,445
41,446
415,446
95,447
222,448
1,450
10,450
22,450
58,450
155,450
164,450
220,450
260,450
261,450
272,450
280,450
290,450
319,450
355,450
375,450
397,450
24,452
62,452
150,452
156,452
157,452
272,452
299,452
303,452
319,452
380,452
549,452
13,454
16,454
260,454
261,454
355,454
391,454
143,456
151,456
246,456
250,456
260,456
261,456
265,456
301,456
324,456
364,456
378,456
6,457
23,457
29,457
100,457
150,457
205,457
254,457
259,457
271,457
292,457
296,457
297,457
352,457
703,457
254,461
4,462
33,462
98,462
100,462
143,462
151,462
222,462
225,462
250,462
260,462
261,462
280,462
286,462
298,462
304,462
325,462
333,462
344,462
355,462
386,462
414,462
703,462
788,462
16,463
17,463
53,463
69,463
71,463
91,463
100,463
127,463
137,463
150,463
221,463
222,463
246,463
254,463
265,463
272,463
283,463
287,463
298,463
301,463
324,463
338,463
346,463
355,463
386,463
703,463
13,464
29,464
31,464
41,464
46,464
47,464
49,464
51,464
60,464
62,464
101,464
120,464
128,464
141,464
142,464
157,464
220,464
222,464
225,464
245,464
257,464
264,464
272,464
299,464
304,464
307,464
309,464
336,464
410,464
415,464
549,464
17,465
26,465
98,465
100,465
205,465
218,465
221,465
246,465
260,465
261,465
272,465
280,465
287,465
301,465
324,465
325,465
355,465
376,465
378,465
386,465
391,465
397,465
408,465
6,466
31,466
41,466
49,466
89,466
92,466
102,466
113,466
118,466
121,466
128,466
132,466
134,466
142,466
144,466
145,466
155,466
181,466
221,466
238,466
246,466
259,466
271,466
292,466
307,466
319,466
321,466
336,466
349,466
351,466
352,466
355,466
358,466
367,466
397,466
403,466
407,466
280,468
396,468
95,469
6,471
33,471
53,471
58,471
67,471
155,471
223,471
228,471
253,471
254,471
259,471
271,471
272,471
292,471
316,471
349,471
414,471
549,471
6,472
12,472
58,472
121,472
223,472
253,472
254,472
271,472
278,472
301,472
303,472
308,472
325,472
349,472
355,472
292,474
40,476
47,476
69,476
71,476
85,476
222,476
257,476
272,476
286,476
304,476
549,476
47,477
102,477
16,479
65,479
69,479
75,479
85,479
100,479
148,479
222,479
228,479
237,479
355,479
23,481
304,481
12,482
17,482
18,482
22,482
49,482
58,482
144,482
254,482
271,482
278,482
292,482
301,482
325,482
349,482
355,482
358,482
391,482
12,491
24,491
41,491
153,491
257,491
319,491
355,491
380,491
6,492
16,492
28,492
32,492
46,492
71,492
72,492
77,492
79,492
86,492
92,492
132,492
141,492
142,492
150,492
159,492
220,492
225,492
272,492
286,492
292,492
303,492
307,492
323,492
336,492
349,492
391,492
397,492
549,492
128,493
75,494
101,494
10,496
13,496
17,496
41,496
106,496
176,496
218,496
386,496
396,496
145,498
253,498
271,498
271,498
355,498
6,499
11,499
12,499
16,499
17,499
23,499
91,499
100,499
113,499
120,499
127,499
132,499
143,499
148,499
150,499
151,499
153,499
157,499
185,499
205,499
221,499
222,499
246,499
254,499
259,499
260,499
261,499
265,499
271,499
272,499
280,499
287,499
292,499
296,499
297,499
298,499
304,499
319,499
324,499
333,499
352,499
355,499
358,499
367,499
368,499
376,499
386,499
391,499
404,499
410,499
703,499
6,500
12,500
16,500
17,500
22,500
24,500
32,500
62,500
124,500
165,500
169,500
172,500
173,500
185,500
186,500
187,500
209,500
218,500
222,500
224,500
246,500
254,500
265,500
271,500
283,500
301,500
312,500
340,500
358,500
367,500
391,500
407,500
408,500
409,500
107,502
367,502
47,504
16,505
85,505
86,505
264,505
276,505
338,505
85,506
222,506
286,506
325,506
333,506
338,506
16,507
22,507
26,507
47,507
58,507
85,507
175,507
222,507
305,507
338,507
386,507
47,509
58,509
22,511
26,511
47,511
69,511
72,511
74,511
78,511
85,511
97,511
132,511
133,511
163,511
222,511
370,511
26,516
47,516
72,516
85,516
131,516
185,516
222,516
299,516
372,516
26,517
28,517
16,518
58,518
85,518
186,518
208,518
305,518
338,518
4,519
29,519
289,519
788,519
10,520
16,520
22,520
23,520
24,520
26,520
28,520
33,520
35,520
40,520
41,520
45,520
46,520
47,520
48,520
53,520
56,520
58,520
60,520
62,520
63,520
64,520
65,520
67,520
69,520
70,520
71,520
72,520
74,520
75,520
79,520
80,520
83,520
85,520
86,520
91,520
101,520
117,520
117,520
118,520
119,520
120,520
121,520
128,520
132,520
133,520
150,520
152,520
153,520
156,520
157,520
163,520
170,520
172,520
181,520
185,520
186,520
187,520
194,520
197,520
200,520
201,520
202,520
205,520
209,520
221,520
222,520
223,520
224,520
225,520
228,520
233,520
235,520
237,520
251,520
257,520
262,520
264,520
271,520
272,520
278,520
279,520
280,520
282,520
286,520
290,520
291,520
304,520
308,520
309,520
311,520
312,520
317,520
319,520
323,520
325,520
332,520
333,520
336,520
338,520
349,520
355,520
364,520
365,520
367,520
368,520
372,520
377,520
380,520
397,520
408,520
549,520
41,521
47,521
62,521
91,521
95,521
141,521
142,521
157,521
163,521
181,521
185,521
186,521
197,521
202,521
209,521
214,521
225,521
238,521
278,521
310,521
321,521
336,521
338,521
367,521
408,521
4,523
6,523
10,523
23,523
26,523
33,523
35,523
40,523
41,523
45,523
46,523
47,523
49,523
51,523
53,523
56,523
62,523
64,523
67,523
71,523
72,523
72,523
74,523
77,523
79,523
89,523
91,523
97,523
107,523
113,523
120,523
133,523
135,523
141,523
142,523
144,523
148,523
155,523
157,523
159,523
169,523
174,523
189,523
221,523
225,523
228,523
232,523
236,523
251,523
254,523
259,523
262,523
263,523
264,523
271,523
276,523
278,523
286,523
289,523
292,523
296,523
297,523
303,523
305,523
307,523
309,523
310,523
316,523
317,523
325,523
333,523
334,523
346,523
349,523
358,523
367,523
370,523
372,523
374,523
375,523
402,523
407,523
415,523
549,523
683,523
194,524
40,530
41,530
46,530
47,530
62,530
64,530
70,530
75,530
80,530
85,530
86,530
117,530
118,530
141,530
142,530
148,530
157,530
163,530
197,530
222,530
225,530
238,530
251,530
257,530
272,530
290,530
291,530
292,530
299,530
308,530
316,530
349,530
367,530
368,530
369,530
408,530
410,530
415,530
549,530
107,531
397,531
26,532
137,532
257,532
289,532
354,532
368,532
397,532
22,533
24,533
26,533
62,533
120,533
132,533
197,533
222,533
257,533
272,533
304,533
309,533
310,533
312,533
319,533
325,533
408,533
4,534
46,534
151,534
250,534
260,534
261,534
355,534
364,534
391,534
414,534
788,534
31,535
66,535
78,535
84,535
86,535
120,535
128,535
145,535
153,535
156,535
157,535
159,535
173,535
222,535
228,535
238,535
245,535
251,535
264,535
272,535
276,535
282,535
289,535
292,535
295,535
296,535
297,535
303,535
307,535
311,535
316,535
319,535
321,535
358,535
365,535
368,535
380,535
402,535
404,535
224,536
549,536
13,537
16,537
24,537
26,537
28,537
29,537
31,537
33,537
45,537
49,537
51,537
56,537
58,537
60,537
62,537
63,537
65,537
66,537
67,537
70,537
83,537
113,537
117,537
121,537
128,537
142,537
148,537
156,537
157,537
194,537
220,537
224,537
245,537
253,537
272,537
299,537
303,537
317,537
321,537
327,537
334,537
352,537
367,537
368,537
397,537
403,537
407,537
408,537
415,537
498,537
549,537
12,538
13,538
35,538
46,538
77,538
79,538
85,538
133,538
145,538
150,538
157,538
222,538
303,538
380,538
32,539
143,539
151,539
246,539
250,539
260,539
261,539
298,539
355,539
378,539
3,540
10,540
24,540
26,540
41,540
58,540
60,540
65,540
69,540
91,540
117,540
119,540
128,540
141,540
142,540
153,540
166,540
168,540
181,540
185,540
187,540
197,540
200,540
201,540
205,540
221,540
223,540
245,540
251,540
257,540
264,540
272,540
304,540
308,540
319,540
320,540
321,540
332,540
368,540
408,540
549,540
12,541
13,541
17,541
19,541
41,541
98,541
100,541
105,541
106,541
127,541
143,541
170,541
176,541
188,541
218,541
222,541
283,541
304,541
333,541
355,541
358,541
368,541
386,541
391,541
396,541
16,542
156,542
246,542
4,544
16,544
143,544
156,544
222,544
222,544
225,544
243,544
246,544
260,544
261,544
291,544
312,544
355,544
391,544
788,544
12,545
13,545
16,545
24,545
49,545
91,545
100,545
124,545
136,545
143,545
145,545
165,545
169,545
171,545
172,545
174,545
179,545
182,545
187,545
188,545
192,545
200,545
201,545
202,545
208,545
211,545
212,545
213,545
214,545
221,545
222,545
246,545
254,545
265,545
271,545
283,545
298,545
304,545
312,545
319,545
324,545
325,545
333,545
355,545
358,545
365,545
368,545
386,545
391,545
397,545
26,546
32,546
35,546
41,546
46,546
58,546
85,546
145,546
150,546
159,546
220,546
222,546
262,546
280,546
282,546
292,546
295,546
303,546
304,546
315,546
322,546
327,546
332,546
404,546
549,546
683,546
16,548
100,548
105,548
128,548
143,548
150,548
157,548
172,548
173,548
185,548
192,548
211,548
218,548
246,548
254,548
265,548
301,548
312,548
319,548
324,548
325,548
364,548
365,548
386,548
391,548
4,549
10,549
22,549
24,549
32,549
33,549
41,549
47,549
48,549
53,549
62,549
63,549
67,549
77,549
79,549
83,549
95,549
128,549
153,549
155,549
181,549
185,549
194,549
197,549
201,549
222,549
223,549
251,549
253,549
254,549
257,549
262,549
263,549
264,549
272,549
278,549
280,549
282,549
290,549
291,549
307,549
308,549
309,549
310,549
316,549
319,549
336,549
338,549
355,549
367,549
375,549
377,549
380,549
402,549
408,549
410,549
549,549
788,549
6,550
11,550
16,550
17,550
23,550
28,550
49,550
58,550
60,550
63,550
71,550
72,550
72,550
77,550
79,550
80,550
84,550
93,550
97,550
100,550
113,550
117,550
132,550
133,550
157,550
173,550
181,550
186,550
197,550
205,550
209,550
238,550
251,550
260,550
261,550
271,550
276,550
278,550
286,550
301,550
307,550
310,550
311,550
321,550
325,550
332,550
333,550
346,550
369,550
376,550
397,550
414,550
549,550
24,553
33,553
41,553
47,553
48,553
53,553
62,553
63,553
83,553
128,553
134,553
181,553
185,553
222,553
223,553
257,553
262,553
263,553
264,553
272,553
278,553
280,553
282,553
308,553
338,553
355,553
377,553
380,553
10,554
22,554
62,554
194,554
197,554
201,554
251,554
46,556
156,556
201,556
279,556
305,556
352,556
355,556
10,558
194,558
29,559
151,559
250,559
265,559
298,559
355,559
386,559
391,559
132,560
12,561
271,561
319,561
321,561
351,561
412,561
6,562
16,562
98,562
100,562
254,562
271,562
358,562
121,563
280,563
121,564
16,566
17,566
24,566
41,566
100,566
121,566
152,566
153,566
163,566
185,566
205,566
222,566
262,566
280,566
308,566
325,566
367,566
391,566
409,566
549,566
6,567
12,567
16,567
17,567
21,567
41,567
100,567
148,567
151,567
225,567
260,567
261,567
280,567
290,567
291,567
298,567
324,567
344,567
355,567
358,567
364,567
375,567
378,567
391,567
414,567
703,567
16,571
17,571
18,571
145,571
150,571
169,571
185,571
187,571
204,571
218,571
250,571
260,571
261,571
283,571
301,571
312,571
320,571
324,571
325,571
333,571
340,571
365,571
391,571
404,571
11,574
12,574
13,574
16,574
17,574
127,574
143,574
170,574
172,574
176,574
182,574
218,574
254,574
271,574
298,574
304,574
333,574
355,574
386,574
391,574
407,574
32,576
49,576
163,576
268,576
272,576
323,576
409,576
549,576
354,577
16,578
121,578
180,578
186,578
187,578
250,578
304,578
308,578
312,578
344,578
351,578
354,578
364,578
368,578
391,578
407,578
280,580
412,580
93,582
153,582
222,582
304,582
352,582
364,582
404,582
12,594
253,594
292,594
10,595
22,595
23,595
24,595
26,595
31,595
41,595
47,595
48,595
49,595
62,595
63,595
70,595
71,595
74,595
91,595
107,595
120,595
128,595
133,595
141,595
142,595
144,595
150,595
152,595
154,595
155,595
156,595
159,595
163,595
166,595
168,595
173,595
174,595
178,595
185,595
220,595
223,595
245,595
251,595
251,595
253,595
264,595
271,595
272,595
280,595
288,595
292,595
296,595
297,595
304,595
307,595
309,595
319,595
320,595
321,595
322,595
334,595
349,595
352,595
397,595
402,595
404,595
409,595
549,595
16,597
17,597
41,597
49,597
58,597
60,597
116,597
118,597
128,597
132,597
141,597
142,597
220,597
246,597
254,597
271,597
272,597
283,597
303,597
317,597
320,597
323,597
334,597
378,597
703,597
22,598
48,598
69,598
85,598
118,598
176,598
187,598
197,598
200,598
201,598
202,598
205,598
221,598
222,598
223,598
224,598
257,598
262,598
308,598
319,598
323,598
325,598
372,598
396,598
408,598
12,599
16,599
17,599
18,599
49,599
192,599
205,599
221,599
222,599
246,599
250,599
265,599
266,599
298,599
301,599
304,599
324,599
355,599
386,599
391,599
407,599
18,602
380,602
414,602
1,604
49,604
254,604
325,604
386,604
549,604
53,606
66,606
12,607
16,607
218,607
271,607
283,607
298,607
301,607
324,607
355,607
391,607
22,609
24,609
95,609
197,609
312,609
325,609
24,610
33,610
47,610
58,610
83,610
91,610
262,610
280,610
286,610
414,610
12,611
17,611
18,611
46,611
127,611
143,611
153,611
163,611
205,611
221,611
222,611
223,611
238,611
246,611
254,611
265,611
266,611
278,611
283,611
287,611
298,611
301,611
333,611
355,611
367,611
378,611
386,611
391,611
407,611
410,611
13,613
17,613
41,613
98,613
100,613
127,613
139,613
161,613
185,613
191,613
205,613
218,613
221,613
246,613
250,613
287,613
288,613
298,613
304,613
325,613
355,613
364,613
365,613
386,613
391,613
703,613
231,614
278,614
319,614
12,615
16,615
29,615
47,615
95,615
100,615
127,615
143,615
298,615
327,615
333,615
355,615
380,615
391,615
246,616
3,618
6,625
291,626
6,628
10,628
16,628
17,628
22,628
23,628
41,628
48,628
49,628
51,628
53,628
58,628
62,628
64,628
69,628
70,628
71,628
72,628
74,628
80,628
82,628
85,628
86,628
91,628
101,628
102,628
150,628
185,628
197,628
223,628
225,628
257,628
262,628
272,628
286,628
301,628
304,628
308,628
312,628
319,628
325,628
336,628
349,628
354,628
365,628
377,628
380,628
403,628
408,628
415,628
549,628
17,629
100,629
136,629
143,629
150,629
151,629
218,629
221,629
250,629
265,629
287,629
301,629
344,629
364,629
365,629
378,629
386,629
391,629
408,629
91,630
154,630
159,630
303,630
397,630
157,631
17,632
22,632
26,632
29,632
45,632
46,632
47,632
56,632
63,632
70,632
113,632
145,632
153,632
163,632
222,632
223,632
225,632
254,632
257,632
262,632
264,632
271,632
272,632
278,632
280,632
292,632
296,632
297,632
308,632
321,632
349,632
355,632
358,632
380,632
404,632
407,632
408,632
549,632
22,633
23,633
26,633
40,633
48,633
49,633
51,633
64,633
69,633
85,633
150,633
157,633
181,633
185,633
197,633
218,633
221,633
222,633
223,633
262,633
272,633
304,633
308,633
336,633
349,633
354,633
368,633
377,633
391,633
404,633
408,633
415,633
33,634
47,634
257,634
282,634
304,634
412,634
11,635
13,635
16,635
17,635
22,635
33,635
35,635
41,635
44,635
56,635
58,635
60,635
65,635
91,635
93,635
98,635
102,635
119,635
121,635
141,635
142,635
151,635
156,635
166,635
171,635
172,635
181,635
182,635
194,635
211,635
218,635
223,635
224,635
225,635
226,635
236,635
253,635
255,635
260,635
261,635
270,635
291,635
296,635
297,635
312,635
320,635
321,635
323,635
364,635
365,635
368,635
370,635
372,635
397,635
399,635
403,635
414,635
549,635
224,638
303,638
309,638
312,638
397,638
33,639
53,639
225,639
414,639
150,640
16,645
22,645
64,645
65,645
72,645
85,645
132,645
133,645
152,645
157,645
163,645
168,645
205,645
223,645
257,645
260,645
261,645
296,645
297,645
311,645
317,645
333,645
355,645
368,645
414,645
155,652
410,652
6,653
12,653
16,653
48,653
63,653
89,653
144,653
292,653
304,653
321,653
352,653
415,653
22,655
26,655
40,655
49,655
53,655
56,655
58,655
60,655
63,655
64,655
65,655
66,655
67,655
69,655
85,655
97,655
128,655
150,655
222,655
308,655
368,655
380,655
415,655
549,655
26,656
33,656
40,656
46,656
48,656
53,656
66,656
77,656
86,656
91,656
102,656
103,656
117,656
131,656
132,656
153,656
156,656
222,656
223,656
243,656
253,656
257,656
262,656
264,656
272,656
278,656
280,656
282,656
291,656
299,656
304,656
308,656
309,656
311,656
319,656
355,656
380,656
396,656
412,656
549,656
703,656
32,657
35,657
41,657
46,657
47,657
79,657
124,657
131,657
141,657
150,657
153,657
164,657
220,657
251,657
271,657
272,657
282,657
291,657
303,657
338,657
355,657
703,657
12,658
145,658
303,658
321,658
415,658
84,661
119,661
225,661
355,661
414,661
549,661
225,662
225,663
24,664
26,664
45,664
47,664
53,664
58,664
62,664
91,664
102,664
117,664
120,664
128,664
153,664
549,664
257,667
282,667
107,668
107,670
124,670
280,674
282,674
299,674
102,675
222,675
243,675
280,675
45,676
220,676
245,676
280,676
303,676
197,677
201,677
64,678
205,678
245,678
282,678
286,678
309,678
380,678
4,679
6,679
12,679
16,679
60,679
65,679
69,679
71,679
79,679
92,679
104,679
119,679
121,679
131,679
144,679
153,679
155,679
157,679
159,679
223,679
227,679
228,679
231,679
233,679
253,679
260,679
261,679
268,679
292,679
295,679
296,679
297,679
299,679
316,679
317,679
321,679
322,679
336,679
349,679
355,679
386,679
399,679
403,679
703,679
788,679
16,680
17,680
26,680
33,680
48,680
53,680
66,680
91,680
93,680
98,680
100,680
127,680
128,680
154,680
168,680
185,680
218,680
222,680
245,680
246,680
260,680
261,680
264,680
280,680
287,680
291,680
299,680
307,680
311,680
312,680
352,680
365,680
397,680
402,680
21,682
64,685
105,685
152,685
369,685
372,685
376,685
22,687
26,687
33,687
41,687
47,687
48,687
62,687
70,687
72,687
75,687
77,687
78,687
82,687
84,687
85,687
86,687
102,687
128,687
131,687
152,687
222,687
225,687
243,687
253,687
257,687
263,687
280,687
282,687
291,687
299,687
304,687
308,687
323,687
349,687
355,687
372,687
377,687
391,687
414,687
703,687
22,688
194,688
251,688
254,688
292,688
21,689
32,689
270,689
318,689
404,689
29,692
291,692
304,696
41,699
375,699
549,699
6,700
13,700
35,700
69,700
223,700
358,700
48,701
257,701
48,702
12,703
16,703
21,703
45,703
47,703
71,703
85,703
139,703
185,703
222,703
243,703
254,703
259,703
265,703
272,703
283,703
296,703
297,703
304,703
319,703
321,703
325,703
355,703
364,703
131,705
549,705
6,706
22,706
23,706
28,706
35,706
46,706
48,706
60,706
69,706
72,706
79,706
85,706
103,706
104,706
118,706
132,706
150,706
152,706
153,706
156,706
157,706
163,706
173,706
218,706
221,706
222,706
223,706
237,706
243,706
251,706
254,706
257,706
262,706
264,706
271,706
272,706
278,706
279,706
280,706
282,706
295,706
296,706
297,706
304,706
305,706
308,706
312,706
317,706
319,706
333,706
349,706
377,706
380,706
703,706
11,707
12,707
17,707
49,707
98,707
100,707
127,707
134,707
161,707
169,707
172,707
185,707
205,707
246,707
250,707
287,707
288,707
298,707
333,707
344,707
355,707
364,707
365,707
378,707
386,707
396,707
32,708
159,708
221,708
259,708
271,708
304,708
319,708
12,710
16,710
17,710
18,710
47,710
53,710
62,710
75,710
84,710
85,710
91,710
93,710
98,710
100,710
101,710
105,710
106,710
120,710
128,710
132,710
136,710
145,710
150,710
151,710
152,710
185,710
187,710
205,710
218,710
221,710
222,710
228,710
232,710
243,710
246,710
250,710
254,710
260,710
261,710
262,710
264,710
265,710
271,710
272,710
283,710
287,710
299,710
301,710
304,710
307,710
308,710
312,710
325,710
328,710
341,710
344,710
349,710
352,710
354,710
364,710
365,710
378,710
386,710
391,710
396,710
397,710
414,710
16,711
17,711
65,711
69,711
71,711
85,711
93,711
105,711
127,711
132,711
148,711
150,711
151,711
185,711
221,711
222,711
246,711
254,711
260,711
261,711
263,711
265,711
283,711
288,711
301,711
304,711
312,711
324,711
325,711
344,711
346,711
355,711
364,711
378,711
391,711
292,712
4,717
6,717
12,717
13,717
16,717
19,717
145,717
221,717
222,717
250,717
251,717
259,717
260,717
261,717
283,717
298,717
304,717
324,717
355,717
358,717
368,717
386,717
391,717
703,717
788,717
32,718
49,720
319,720
375,720
549,720
259,722
121,723
223,723
62,724
102,724
291,724
299,724
308,724
47,725
85,725
148,725
150,725
223,725
253,725
254,725
259,725
280,725
292,725
295,725
296,725
297,725
304,725
355,725
380,725
703,725
33,728
66,728
242,728
292,728
364,728
391,728
41,730
44,730
253,730
260,730
261,730
292,730
296,730
297,730
304,730
328,730
349,730
355,730
6,731
10,731
16,731
23,731
40,731
41,731
46,731
51,731
53,731
56,731
58,731
60,731
62,731
63,731
64,731
65,731
69,731
70,731
71,731
74,731
75,731
77,731
79,731
82,731
86,731
91,731
101,731
113,731
117,731
128,731
133,731
144,731
148,731
150,731
153,731
156,731
157,731
159,731
163,731
173,731
181,731
185,731
185,731
186,731
187,731
189,731
200,731
220,731
221,731
223,731
225,731
245,731
251,731
257,731
262,731
264,731
272,731
280,731
282,731
283,731
286,731
291,731
292,731
298,731
299,731
301,731
308,731
309,731
310,731
312,731
319,731
323,731
325,731
334,731
349,731
367,731
368,731
377,731
380,731
391,731
403,731
408,731
415,731
549,731
152,734
316,734
4,735
6,735
10,735
13,735
22,735
24,735
33,735
35,735
40,735
41,735
46,735
47,735
48,735
56,735
58,735
63,735
65,735
66,735
72,735
97,735
101,735
118,735
119,735
121,735
128,735
135,735
141,735
142,735
144,735
152,735
153,735
155,735
159,735
163,735
170,735
194,735
205,735
223,735
228,735
231,735
236,735
251,735
253,735
254,735
259,735
262,735
264,735
272,735
282,735
286,735
291,735
292,735
296,735
297,735
307,735
309,735
310,735
311,735
312,735
322,735
327,735
333,735
336,735
338,735
355,735
358,735
364,735
367,735
368,735
369,735
375,735
377,735
402,735
403,735
404,735
498,735
549,735
683,735
788,735
272,736
303,738
397,738
312,739
22,740
48,740
72,740
156,740
197,740
262,740
334,740
10,743
22,743
24,743
41,743
46,743
49,743
64,743
292,743
296,743
297,743
299,743
319,743
375,743
549,743
703,743
32,745
49,745
116,745
227,745
246,745
266,745
271,745
283,745
49,746
303,746
391,746
3,747
29,747
63,747
95,747
97,747
153,747
222,747
223,747
254,747
259,747
271,747
276,747
292,747
295,747
296,747
297,747
304,747
322,747
355,747
380,747
404,747
683,747
703,747
12,750
16,750
18,750
21,750
41,750
45,750
47,750
49,750
98,750
100,750
106,750
143,750
145,750
151,750
185,750
205,750
218,750
221,750
222,750
246,750
250,750
254,750
260,750
261,750
265,750
266,750
283,750
287,750
298,750
301,750
324,750
325,750
340,750
341,750
344,750
355,750
364,750
378,750
386,750
391,750
703,750
44,760
16,762
304,762
12,763
253,763
260,763
261,763
271,763
291,763
292,763
328,763
349,763
355,763
10,764
23,764
26,764
28,764
35,764
46,764
47,764
48,764
51,764
64,764
92,764
102,764
103,764
141,764
220,764
262,764
280,764
282,764
291,764
299,764
304,764
307,764
308,764
319,764
346,764
351,764
352,764
355,764
370,764
397,764
72,765
74,765
75,765
86,765
205,765
262,765
265,765
280,765
282,765
291,765
304,765
308,765
10,769
26,769
28,769
46,769
47,769
48,769
262,769
280,769
282,769
291,769
304,769
308,769
319,769
355,769
364,769
101,771
133,771
152,771
185,771
266,771
291,771
319,771
355,771
369,771
304,774
319,774
10,775
17,775
26,775
32,775
46,775
47,775
48,775
60,775
65,775
181,775
253,775
262,775
280,775
291,775
304,775
305,775
308,775
47,776
243,776
291,776
304,776
308,776
355,776
412,776
10,777
26,777
47,777
48,777
262,777
280,777
291,777
304,777
308,777
365,777
26,780
28,780
47,780
48,780
97,780
168,780
260,780
261,780
262,780
282,780
291,780
304,780
154,781
218,781
291,781
344,781
364,781
12,782
16,782
17,782
22,782
22,782
29,782
32,782
48,782
58,782
62,782
91,782
100,782
121,782
127,782
133,782
145,782
150,782
165,782
173,782
181,782
182,782
185,782
187,782
189,782
192,782
200,782
201,782
208,782
211,782
214,782
218,782
246,782
254,782
259,782
283,782
298,782
301,782
308,782
312,782
319,782
323,782
324,782
325,782
340,782
351,782
355,782
364,782
365,782
380,782
386,782
391,782
397,782
78,784
412,784
102,785
120,785
304,785
24,786
95,786
153,786
157,786
168,786
220,786
224,786
270,786
280,786
290,786
291,786
304,786
305,786
312,786
319,786
338,786
364,786
380,786
549,786
4,787
13,787
41,787
98,787
100,787
139,787
181,787
270,787