ingredientName,ingredient
2,39
2,48
2,50
2,51
2,53
2,68
2,82
2,103
2,138
2,141
2,159
2,165
2,169
2,176
2,178
2,189
2,190
2,198
2,205
2,206
2,251
2,254
2,255
2,278
2,287
2,292
2,299
2,300
2,304
2,316
2,321
2,325
2,330
2,331
2,334
2,337
2,341
2,352
2,367
2,371
2,388
2,419
2,424
2,426
2,430
2,459
2,464
2,478
2,487
2,496
2,512
2,525
2,532
2,533
2,538
2,540
2,551
2,553
2,570
2,575
2,577
2,578
2,581
2,583
2,595
2,599
2,600
2,604
2,607
2,611
2,630
2,632
2,640
2,648
2,661
2,668
2,678
2,686
2,712
2,713
2,736
2,743
2,744
2,750
2,764
2,783
2,795
2,815
5,2
5,48
5,68
5,82
5,103
5,156
5,177
5,183
5,189
5,191
5,192
5,194
5,198
5,206
5,214
5,233
5,245
5,246
5,255
5,258
5,262
5,263
5,286
5,292
5,294
5,304
5,306
5,325
5,328
5,336
5,337
5,339
5,352
5,354
5,380
5,382
5,388
5,415
5,430
5,447
5,448
5,467
5,476
5,497
5,499
5,526
5,553
5,568
5,570
5,573
5,581
5,582
5,586
5,628
5,630
5,688
5,697
5,713
5,720
5,743
5,764
5,768
6,55
6,74
6,82
6,91
6,124
6,157
6,157
6,175
6,177
6,183
6,188
6,198
6,215
6,231
6,233
6,234
6,238
6,253
6,278
6,313
6,321
6,336
6,367
6,382
6,388
6,415
6,441
6,460
6,467
6,476
6,498
6,540
6,544
6,549
6,550
6,553
6,556
6,565
6,566
6,570
6,573
6,579
6,628
6,665
6,666
6,688
6,689
6,697
6,713
6,720
6,797
6,802
6,808
6,810
6,813
9,2
9,14
9,29
9,39
9,50
9,70
9,75
9,156
9,283
9,287
9,292
9,299
9,308
9,320
9,321
9,331
9,388
9,424
9,467
9,476
9,478
9,490
9,495
9,496
9,498
9,512
9,532
9,574
9,578
9,581
9,583
9,595
9,599
9,600
9,646
9,648
9,662
9,713
9,740
9,743
9,783
9,815
9,820
14,2
14,9
14,29
14,50
14,70
14,141
14,156
14,176
14,279
14,287
14,292
14,300
14,308
14,320
14,321
14,331
14,388
14,419
14,424
14,467
14,476
14,478
14,495
14,498
14,574
14,595
14,646
14,668
14,713
14,740
14,743
14,783
14,820
16,68
16,74
16,82
16,84
16,156
16,175
16,183
16,188
16,198
16,199
16,201
16,214
16,233
16,253
16,256
16,258
16,286
16,293
16,305
16,321
16,325
16,328
16,336
16,352
16,367
16,382
16,390
16,415
16,462
16,467
16,476
16,485
16,497
16,533
16,553
16,554
16,556
16,563
16,566
16,570
16,582
16,586
16,587
16,628
16,661
16,697
16,720
16,743
16,757
16,764
16,815
25,2
25,39
25,66
25,68
25,82
25,122
25,156
25,183
25,188
25,189
25,190
25,198
25,206
25,219
25,221
25,225
25,226
25,233
25,258
25,260
25,261
25,266
25,275
25,278
25,286
25,321
25,325
25,337
25,349
25,354
25,382
25,390
25,415
25,416
25,467
25,476
25,496
25,504
25,553
25,556
25,582
25,586
25,639
25,661
25,672
25,688
25,689
25,697
25,713
25,743
25,764
26,68
26,183
26,189
26,284
26,290
26,382
26,441
26,467
26,553
26,556
26,570
26,665
26,668
26,688
26,764
26,768
28,55
28,82
28,183
28,188
28,189
28,253
28,352
28,382
28,467
28,553
28,556
28,570
28,665
28,697
28,709
28,736
28,783
29,9
29,14
29,70
29,251
29,287
29,334
29,388
29,420
29,424
29,467
29,476
29,496
29,532
29,574
29,607
29,644
29,646
29,648
29,713
29,740
29,744
29,815
34,103
34,255
34,258
34,288
34,337
34,360
34,379
34,382
34,483
34,637
36,73
36,147
36,178
36,258
36,287
36,292
36,304
36,324
36,325
36,336
36,352
36,373
36,388
36,398
36,573
36,651
37,70
37,140
37,255
37,258
37,293
37,305
37,360
37,377
37,382
37,401
37,495
37,552
37,556
37,567
37,577
37,582
37,712
37,750
37,768
37,820
39,2
39,5
39,84
39,103
39,124
39,140
39,181
39,183
39,255
39,256
39,258
39,287
39,292
39,302
39,304
39,327
39,330
39,341
39,348
39,360
39,372
39,379
39,380
39,382
39,388
39,408
39,415
39,437
39,444
39,446
39,490
39,499
39,504
39,505
39,525
39,532
39,533
39,556
39,583
39,595
39,600
39,658
39,661
39,686
39,712
39,733
39,739
39,750
39,764
39,768
43,16
43,74
43,175
43,183
43,186
43,189
43,198
43,227
43,230
43,233
43,278
43,344
43,352
43,382
43,483
43,529
43,553
43,556
43,573
43,582
43,587
43,591
43,628
43,661
43,764
43,768
43,776
43,797
43,802
43,808
43,810
44,45
44,50
44,171
44,331
44,335
44,360
44,372
44,389
44,390
44,419
44,448
44,459
44,462
44,478
44,532
44,583
44,607
44,668
44,740
45,2
45,5
45,39
45,124
45,178
45,183
45,186
45,198
45,238
45,254
45,276
45,287
45,292
45,298
45,302
45,302
45,313
45,325
45,334
45,335
45,337
45,354
45,358
45,360
45,372
45,382
45,388
45,419
45,467
45,470
45,505
45,515
45,524
45,532
45,533
45,571
45,574
45,578
45,594
45,600
45,607
45,627
45,632
45,640
45,644
45,648
45,686
45,691
45,712
45,736
45,740
45,743
45,750
45,783
45,796
45,815
46,9
46,16
46,50
46,74
46,124
46,126
46,183
46,251
46,253
46,255
46,326
46,331
46,335
46,352
46,360
46,372
46,376
46,424
46,459
46,467
46,487
46,497
46,529
46,570
46,571
46,574
46,578
46,607
46,646
46,668
46,733
46,750
46,768
46,820
50,2
50,9
50,14
50,39
50,45
50,70
50,141
50,142
50,159
50,176
50,178
50,188
50,198
50,202
50,237
50,238
50,251
50,255
50,283
50,287
50,293
50,298
50,299
50,304
50,316
50,331
50,337
50,366
50,379
50,382
50,388
50,419
50,424
50,465
50,478
50,496
50,498
50,515
50,529
50,532
50,533
50,574
50,583
50,599
50,600
50,604
50,607
50,630
50,632
50,644
50,646
50,661
50,662
50,665
50,668
50,713
50,740
50,743
50,744
50,808
50,815
51,39
51,287
51,326
51,331
51,388
51,419
51,424
51,515
51,604
51,632
51,635
51,644
51,743
51,783
52,103
52,305
52,574
52,750
54,279
54,287
54,420
54,600
54,715
54,722
54,736
54,783
55,38
55,43
55,57
55,68
55,74
55,82
55,91
55,124
55,156
55,175
55,183
55,184
55,184
55,189
55,198
55,211
55,222
55,233
55,253
55,255
55,278
55,304
55,313
55,321
55,342
55,367
55,382
55,397
55,415
55,418
55,419
55,419
55,441
55,460
55,483
55,515
55,533
55,540
55,544
55,553
55,566
55,582
55,587
55,628
55,631
55,642
55,661
55,665
55,666
55,668
55,678
55,688
55,720
55,721
55,739
55,768
55,773
55,776
55,815
55,815
56,45
56,68
56,82
56,156
56,189
56,253
56,278
56,304
56,325
56,336
56,352
56,354
56,382
56,388
56,419
56,460
56,490
56,514
56,532
56,553
56,556
56,583
56,628
56,661
56,666
56,739
56,764
56,797
57,74
57,102
57,198
57,214
57,230
57,233
57,255
57,286
57,290
57,305
57,324
57,336
57,345
57,352
57,360
57,382
57,398
57,441
57,467
57,485
57,524
57,533
57,553
57,566
57,570
57,573
57,578
57,582
57,586
57,599
57,628
57,642
57,643
57,697
57,768
57,776
57,819
61,156
61,233
61,255
61,313
61,342
61,415
61,419
61,467
61,525
61,550
61,553
61,570
61,583
61,739
61,797
61,802
61,813
62,2
62,6
62,55
62,74
62,84
62,126
62,150
62,184
62,186
62,298
62,316
62,358
62,398
62,419
62,420
62,424
62,461
62,470
62,490
62,497
62,552
62,570
62,592
62,648
62,665
62,725
62,780
62,815
63,71
63,103
63,198
63,360
63,374
64,103
64,122
64,287
64,298
64,335
64,497
64,499
64,568
64,570
64,628
65,2
65,55
65,74
65,84
65,150
65,151
65,153
65,172
65,176
65,186
65,188
65,190
65,196
65,254
65,258
65,275
65,287
65,292
65,293
65,305
65,316
65,324
65,325
65,334
65,337
65,341
65,352
65,358
65,366
65,382
65,398
65,433
65,450
65,453
65,470
65,525
65,533
65,572
65,579
65,582
65,609
65,690
65,722
65,741
65,751
65,778
65,808
65,815
66,25
66,57
66,68
66,77
66,156
66,253
66,255
66,258
66,266
66,269
66,270
66,278
66,286
66,305
66,308
66,313
66,321
66,324
66,325
66,333
66,345
66,352
66,360
66,362
66,371
66,377
66,382
66,397
66,447
66,467
66,476
66,495
66,504
66,553
66,556
66,570
66,582
66,586
66,643
66,667
66,668
66,672
66,689
66,713
66,720
66,761
66,768
68,38
68,66
68,84
68,159
68,189
68,253
68,255
68,367
68,371
68,441
68,470
68,553
68,556
68,571
68,579
68,668
68,690
68,733
68,739
68,768
68,797
73,103
73,156
73,382
73,509
73,553
73,556
73,563
73,666
73,688
73,689
73,764
73,768
74,9
74,16
74,50
74,58
74,80
74,84
74,102
74,126
74,147
74,150
74,175
74,183
74,198
74,214
74,230
74,233
74,238
74,255
74,258
74,278
74,279
74,281
74,283
74,286
74,287
74,294
74,305
74,313
74,324
74,331
74,337
74,341
74,352
74,360
74,367
74,382
74,390
74,424
74,441
74,465
74,467
74,476
74,479
74,497
74,499
74,524
74,529
74,553
74,554
74,556
74,563
74,573
74,574
74,579
74,582
74,586
74,599
74,600
74,628
74,630
74,646
74,661
74,668
74,690
74,720
74,732
74,763
74,764
74,768
74,776
74,783
74,820
77,58
77,103
77,294
77,388
77,466
77,668
77,763
77,793
79,6
79,74
79,124
79,156
79,166
79,183
79,189
79,254
79,266
79,278
79,286
79,304
79,337
79,345
79,352
79,382
79,388
79,415
79,424
79,460
79,467
79,476
79,497
79,525
79,553
79,556
79,563
79,567
79,571
79,579
79,589
79,644
79,665
79,689
79,690
79,739
79,764
79,768
79,776
79,797
79,802
79,808
80,55
80,66
80,68
80,74
80,82
80,84
80,124
80,156
80,157
80,175
80,178
80,183
80,188
80,189
80,253
80,278
80,286
80,288
80,304
80,305
80,321
80,352
80,382
80,390
80,419
80,424
80,460
80,470
80,476
80,497
80,509
80,510
80,537
80,540
80,542
80,544
80,549
80,553
80,554
80,556
80,563
80,582
80,586
80,628
80,643
80,648
80,665
80,667
80,690
80,697
80,720
80,736
80,743
80,758
80,768
80,783
80,797
80,802
80,808
80,809
80,810
80,813
81,29
81,55
81,68
81,82
81,91
81,124
81,135
81,156
81,158
81,159
81,183
81,186
81,188
81,189
81,253
81,258
81,266
81,278
81,286
81,290
81,305
81,324
81,327
81,330
81,336
81,352
81,361
81,382
81,388
81,430
81,460
81,465
81,553
81,582
81,586
81,628
81,631
81,661
81,666
81,686
81,689
81,713
81,720
81,734
81,735
81,739
81,768
81,773
81,797
81,802
81,808
81,810
81,813
81,815
82,2
82,39
82,84
82,102
82,103
82,140
82,176
82,186
82,189
82,198
82,255
82,305
82,331
82,334
82,335
82,337
82,358
82,360
82,367
82,379
82,380
82,382
82,448
82,467
82,470
82,497
82,499
82,515
82,556
82,570
82,578
82,583
82,609
82,628
82,630
82,632
82,637
82,661
82,666
82,688
82,740
82,753
82,776
82,778
82,779
82,783
84,183
84,189
84,382
84,467
84,497
84,556
84,570
84,661
84,666
84,764
84,797
91,58
91,68
91,74
91,156
91,198
91,214
91,227
91,233
91,234
91,238
91,242
91,258
91,286
91,305
91,325
91,327
91,336
91,337
91,354
91,360
91,382
91,401
91,415
91,420
91,441
91,460
91,467
91,470
91,483
91,504
91,505
91,515
91,540
91,542
91,551
91,553
91,570
91,573
91,579
91,583
91,630
91,643
91,661
91,668
91,688
91,697
91,764
91,768
91,815
93,2
93,57
93,74
93,82
93,156
93,183
93,189
93,198
93,227
93,234
93,255
93,295
93,359
93,360
93,369
93,382
93,476
93,497
93,553
93,570
93,573
93,583
93,630
93,668
93,688
93,712
93,739
93,764
93,808
96,68
96,82
96,178
96,183
96,188
96,258
96,272
96,284
96,287
96,292
96,304
96,325
96,328
96,381
96,382
96,388
96,437
96,441
96,553
96,570
96,582
96,583
96,586
96,628
96,665
96,686
96,688
96,764
96,768
96,780
97,68
97,82
97,156
97,255
97,258
97,286
97,325
97,336
97,360
97,382
97,401
97,415
97,416
97,420
97,460
97,553
97,556
97,563
97,661
97,666
97,678
97,688
97,711
97,718
97,764
97,776
97,797
98,68
98,74
98,82
98,85
98,188
98,198
98,233
98,238
98,275
98,382
98,512
98,553
98,570
98,573
98,668
98,678
98,688
98,712
98,744
98,764
98,768
98,808
99,68
99,84
99,198
99,214
99,258
99,266
99,269
99,270
99,272
99,286
99,325
99,349
99,382
99,568
99,570
99,639
99,688
99,689
99,713
99,761
99,768
100,258
100,272
100,284
100,382
100,504
100,553
100,556
100,570
100,582
100,688
102,51
102,57
102,68
102,74
102,82
102,122
102,137
102,138
102,151
102,159
102,183
102,189
102,198
102,227
102,233
102,234
102,258
102,275
102,278
102,292
102,352
102,382
102,391
102,415
102,441
102,496
102,509
102,512
102,544
102,553
102,573
102,631
102,661
102,666
102,688
102,712
102,733
102,739
102,744
102,764
103,39
103,52
103,68
103,74
103,82
103,122
103,141
103,157
103,175
103,183
103,188
103,189
103,258
103,262
103,267
103,286
103,287
103,292
103,299
103,304
103,305
103,307
103,327
103,339
103,366
103,382
103,388
103,436
103,460
103,553
103,563
103,570
103,628
103,661
103,665
103,720
103,764
104,5
104,71
104,72
104,82
104,122
104,275
104,287
104,325
104,354
104,382
104,430
104,496
104,509
104,525
104,553
104,556
104,583
104,628
104,661
104,712
104,736
104,744
104,764
105,2
105,57
105,82
105,159
105,183
105,189
105,190
105,233
105,278
105,278
105,287
105,292
105,382
105,382
105,388
105,430
105,430
105,445
105,460
105,525
105,544
105,549
105,553
105,556
105,556
105,583
105,583
105,661
105,678
105,720
105,739
105,768
105,773
105,798
107,68
107,159
107,266
107,299
107,366
107,382
107,460
107,544
107,553
107,556
107,628
107,661
107,764
107,798
108,258
108,286
108,325
108,382
108,423
108,424
108,512
108,527
108,553
108,563
108,720
108,743
108,764
108,798
110,141
110,190
110,388
110,525
110,556
110,571
110,582
110,583
110,689
110,720
110,764
111,159
111,364
111,388
111,544
111,568
111,720
111,817
112,39
112,45
112,74
112,82
112,84
112,102
112,122
112,198
112,199
112,234
112,382
112,388
112,460
112,525
112,553
112,556
112,571
112,582
112,583
112,690
112,712
112,739
112,764
113,382
113,553
113,563
113,583
113,661
114,72
115,141
115,279
115,298
115,382
115,430
115,661
115,720
115,764
116,275
116,286
116,325
116,382
116,553
116,570
116,582
116,586
116,643
117,382
117,388
117,467
117,568
117,583
117,694
117,720
117,743
118,68
118,74
118,82
118,122
118,159
118,167
118,183
118,189
118,190
118,253
118,258
118,278
118,286
118,287
118,304
118,381
118,382
118,388
118,409
118,430
118,460
118,476
118,509
118,512
118,538
118,539
118,540
118,544
118,549
118,551
118,553
118,563
118,571
118,579
118,631
118,661
118,666
118,678
118,688
118,720
118,736
118,739
118,743
118,744
118,758
119,39
119,43
119,156
119,175
119,258
119,260
119,287
119,325
119,346
119,382
119,525
119,538
119,553
119,563
119,568
119,661
119,689
119,720
119,764
119,798
122,103
122,206
122,415
122,499
122,556
122,686
124,2
124,5
124,57
124,66
124,74
124,103
124,123
124,156
124,175
124,177
124,183
124,187
124,189
124,198
124,201
124,206
124,233
124,241
124,253
124,257
124,258
124,286
124,288
124,304
124,321
124,325
124,336
124,345
124,350
124,352
124,354
124,360
124,367
124,371
124,382
124,388
124,424
124,460
124,462
124,465
124,467
124,476
124,496
124,532
124,553
124,554
124,556
124,573
124,578
124,628
124,643
124,661
124,663
124,668
124,689
124,697
124,713
124,743
124,764
124,815
125,103
125,122
125,153
125,195
125,279
125,345
125,346
125,379
125,499
125,525
125,712
125,797
126,238
126,279
126,281
126,282
126,283
126,321
126,379
126,583
126,615
126,668
126,713
126,743
126,744
128,57
128,97
128,122
128,123
128,129
128,151
128,153
128,163
128,257
128,279
128,281
128,298
128,316
128,341
128,345
128,350
128,355
128,371
128,397
128,401
128,403
128,405
128,407
128,420
128,430
128,450
128,472
128,480
128,502
128,554
128,582
128,642
128,648
128,780
128,819
130,37
130,82
130,178
130,183
130,188
130,189
130,258
130,262
130,287
130,292
130,304
130,325
130,381
130,382
130,390
130,401
130,402
130,415
130,416
130,437
130,450
130,544
130,556
130,583
130,688
130,768
130,780
130,813
134,258
134,261
134,286
134,467
134,497
134,527
134,553
134,661
134,743
134,764
134,768
134,804
135,6
135,103
135,150
135,156
135,183
135,189
135,255
135,258
135,275
135,286
135,294
135,304
135,337
135,352
135,360
135,382
135,388
135,431
135,467
135,499
135,510
135,661
135,668
135,689
135,697
135,708
135,720
135,757
135,797
135,818
136,43
136,175
136,382
136,445
136,689
136,739
136,797
137,367
137,712
137,739
138,71
138,129
138,142
138,156
138,335
138,388
138,397
138,424
138,574
138,581
138,718
138,743
138,744
139,529
139,574
139,743
139,783
140,5
140,55
140,84
140,103
140,104
140,105
140,117
140,118
140,183
140,189
140,255
140,272
140,295
140,306
140,337
140,345
140,352
140,416
140,535
140,556
140,564
140,628
140,701
140,703
146,25
146,178
146,258
146,286
146,292
146,294
146,382
146,388
146,401
146,402
146,408
146,450
146,499
146,532
146,556
146,570
146,583
146,665
146,764
149,255
149,380
149,630
149,778
150,74
150,156
150,177
150,183
150,186
150,198
150,206
150,214
150,230
150,233
150,245
150,255
150,258
150,286
150,304
150,327
150,328
150,382
150,390
150,462
150,467
150,553
150,553
150,563
150,570
150,573
150,583
150,689
150,697
150,764
151,43
151,74
151,102
151,159
151,233
151,255
151,256
151,258
151,278
151,360
151,382
151,441
151,499
151,553
151,563
151,630
151,631
151,739
151,768
152,74
152,198
152,214
152,233
152,382
152,553
152,573
152,668
152,694
152,712
152,768
153,2
153,27
153,48
153,56
153,68
153,74
153,82
153,156
153,157
153,189
153,190
153,198
153,201
153,206
153,233
153,235
153,238
153,245
153,304
153,321
153,336
153,354
153,382
153,419
153,448
153,467
153,497
153,532
153,553
153,556
153,566
153,568
153,628
153,697
153,743
153,818
154,81
154,145
154,156
154,255
154,256
154,336
154,360
154,401
154,470
154,499
154,505
154,553
154,570
154,596
154,597
154,599
154,611
154,668
154,712
154,756
154,768
154,815
157,70
157,315
157,360
157,372
157,413
157,533
157,578
157,690
157,703
164,77
164,183
164,184
164,255
164,258
164,266
164,276
164,286
164,324
164,337
164,360
164,382
164,388
164,549
164,689
164,690
164,712
164,720
164,738
165,2
165,48
165,68
165,82
165,159
165,177
165,198
165,201
165,214
165,220
165,254
165,286
165,325
165,339
165,372
165,379
165,380
165,382
165,424
165,499
165,525
165,532
165,544
165,553
165,566
165,583
165,593
165,630
165,678
165,689
165,739
165,743
165,744
166,2
166,68
166,159
166,183
166,321
166,382
166,460
166,544
166,553
166,556
166,571
166,583
166,628
166,678
166,764
166,804
166,815
167,103
167,120
167,198
167,201
167,216
167,241
167,244
167,380
167,499
167,586
167,740
168,188
168,189
168,258
168,319
168,556
168,768
169,2
169,129
169,367
169,387
169,578
169,662
169,743
170,68
170,122
170,126
170,139
170,198
170,337
170,356
170,366
170,379
170,380
170,496
170,565
172,74
172,286
172,330
172,388
172,397
172,429
172,466
172,646
172,736
172,820
174,16
174,43
174,55
174,57
174,74
174,156
174,157
174,189
174,255
174,341
174,342
174,360
174,369
174,382
174,443
174,476
174,497
174,525
174,554
174,556
174,563
174,573
174,628
174,630
174,668
174,690
174,768
174,797
175,16
175,27
175,56
175,57
175,74
175,156
175,157
175,157
175,189
175,255
175,341
175,360
175,367
175,382
175,441
175,467
175,476
175,497
175,499
175,525
175,554
175,556
175,563
175,570
175,573
175,628
175,630
175,668
175,768
176,2
176,50
176,70
176,138
176,251
176,279
176,287
176,298
176,320
176,325
176,331
176,377
176,489
176,495
176,532
176,572
176,574
176,577
176,578
176,581
176,607
176,644
176,648
176,662
176,783
177,2
177,5
177,64
177,103
177,183
177,198
177,231
177,245
177,302
177,304
177,306
177,325
177,335
177,337
177,340
177,372
177,382
177,385
177,435
177,448
177,459
177,499
177,515
177,556
177,628
177,686
177,712
177,764
177,768
178,2
178,45
178,50
178,58
178,70
178,103
178,147
178,177
178,183
178,255
178,256
178,258
178,279
178,287
178,288
178,292
178,298
178,302
178,304
178,325
178,331
178,334
178,335
178,337
178,360
178,381
178,388
178,394
178,397
178,424
178,437
178,438
178,461
178,470
178,476
178,499
178,530
178,568
178,571
178,578
178,579
178,604
178,665
178,691
178,743
178,750
178,783
178,815
181,39
181,82
181,255
181,258
181,286
181,287
181,292
181,294
181,327
181,336
181,360
181,377
181,382
181,388
181,431
181,446
181,512
181,532
181,556
181,563
181,570
181,600
181,744
181,758
181,764
183,39
183,46
183,48
183,68
183,74
183,82
183,103
183,141
183,157
183,159
183,182
183,189
183,253
183,255
183,258
183,262
183,263
183,266
183,278
183,286
183,287
183,292
183,295
183,304
183,319
183,321
183,325
183,327
183,328
183,336
183,352
183,354
183,360
183,382
183,388
183,419
183,424
183,460
183,462
183,465
183,485
183,490
183,496
183,525
183,532
183,553
183,571
183,579
183,581
183,604
183,628
183,661
183,662
183,666
183,673
183,688
183,690
183,739
183,743
183,744
183,758
183,764
183,815
184,50
184,70
184,176
184,198
184,255
184,279
184,283
184,287
184,293
184,298
184,334
184,388
184,397
184,411
184,424
184,437
184,451
184,467
184,489
184,495
184,532
184,567
184,572
184,592
184,600
184,662
184,668
184,743
184,744
184,783
185,5
185,66
185,68
185,74
185,159
185,175
185,188
185,258
185,261
185,286
185,324
185,382
185,402
185,415
185,553
185,599
185,628
185,678
185,718
185,720
185,739
185,743
185,767
185,768
185,804
186,2
186,43
186,82
186,150
186,157
186,157
186,159
186,175
186,178
186,187
186,198
186,201
186,206
186,211
186,233
186,234
186,253
186,262
186,273
186,278
186,279
186,286
186,304
186,325
186,330
186,336
186,367
186,381
186,382
186,388
186,401
186,437
186,460
186,476
186,524
186,532
186,553
186,568
186,573
186,582
186,599
186,615
186,644
186,665
186,689
186,690
186,697
186,712
186,739
186,764
186,768
186,780
186,819
187,132
187,194
187,278
187,283
187,321
187,342
187,367
187,467
187,628
187,663
187,713
187,814
188,74
188,84
188,168
188,187
188,198
188,272
188,286
188,304
188,305
188,313
188,322
188,325
188,341
188,360
188,382
188,437
188,441
188,467
188,483
188,499
188,504
188,556
188,582
188,628
188,685
188,712
188,768
189,74
189,82
189,124
189,156
189,175
189,183
189,198
189,201
189,214
189,233
189,241
189,253
189,255
189,256
189,278
189,320
189,327
189,336
189,344
189,360
189,382
189,434
189,461
189,485
189,553
189,568
189,570
189,575
189,577
189,589
189,628
189,668
189,689
189,739
189,764
189,773
190,2
190,39
190,74
190,82
190,103
190,124
190,156
190,157
190,175
190,183
190,189
190,192
190,198
190,233
190,245
190,253
190,255
190,278
190,304
190,321
190,336
190,352
190,354
190,380
190,382
190,382
190,419
190,460
190,485
190,497
190,532
190,553
190,554
190,556
190,563
190,568
190,570
190,571
190,581
190,583
190,664
190,666
190,678
190,712
190,739
190,764
190,819
191,344
192,39
192,82
192,103
192,147
192,168
192,198
192,201
192,253
192,255
192,304
192,313
192,322
192,336
192,341
192,342
192,354
192,360
192,385
192,388
192,441
192,525
192,556
192,568
192,579
192,628
192,663
192,712
192,741
192,764
192,768
193,58
193,255
193,283
193,335
193,360
193,413
193,424
193,467
194,14
194,187
194,251
194,316
194,467
194,476
194,646
194,740
196,43
196,68
196,74
196,82
196,159
196,175
196,198
196,215
196,233
196,256
196,258
196,286
196,325
196,344
196,382
196,441
196,460
196,544
196,553
196,554
196,563
196,599
196,609
196,628
196,644
196,665
196,678
196,739
196,764
196,768
197,156
197,255
197,313
197,360
197,483
197,690
198,2
198,189
198,195
198,251
198,334
198,373
198,398
198,533
198,578
198,815
199,68
199,358
199,398
199,441
199,573
199,628
199,668
200,366
201,2
201,103
201,189
201,254
201,320
201,336
201,358
201,382
201,419
201,424
201,426
201,428
201,573
201,628
201,678
201,713
201,813
201,819
202,2
202,147
202,183
202,189
202,251
202,255
202,334
202,352
202,358
202,367
202,533
202,556
202,578
202,604
202,740
203,91
203,147
203,382
203,441
203,553
203,574
203,607
203,768
204,358
204,398
204,418
204,424
204,578
204,668
205,57
205,372
205,398
205,533
205,553
205,578
205,581
205,607
205,668
205,740
206,2
206,68
206,141
206,147
206,159
206,169
206,188
206,334
206,352
206,382
206,398
206,424
206,425
206,428
206,533
206,568
206,581
206,583
206,628
206,739
206,764
206,815
207,2
207,48
207,68
207,122
207,556
207,578
207,628
208,415
208,540
209,50
209,251
209,529
209,574
209,607
209,631
211,68
211,628
212,251
212,288
212,578
213,611
214,238
214,256
214,336
214,341
214,358
214,382
214,398
214,400
214,424
214,467
214,499
214,553
214,554
214,573
214,582
214,583
214,586
214,666
214,668
214,764
214,808
214,815
214,820
215,345
215,374
215,398
215,578
215,607
215,668
215,815
216,316
216,358
217,358
218,2
218,14
218,50
218,51
218,74
218,124
218,147
218,150
218,156
218,186
218,198
218,233
218,238
218,251
218,253
218,278
218,287
218,316
218,317
218,334
218,342
218,352
218,354
218,358
218,382
218,398
218,420
218,424
218,532
218,533
218,549
218,553
218,554
218,573
218,581
218,582
218,586
218,599
218,604
218,628
218,646
218,661
218,666
218,713
218,736
218,740
218,743
218,744
218,764
218,764
218,783
218,804
218,815
219,424
219,533
219,551
219,553
219,554
219,583
219,611
219,764
220,2
220,141
220,251
220,299
220,305
220,358
220,398
220,424
220,426
220,441
220,533
220,553
220,573
220,578
220,604
220,611
220,631
220,743
220,764
220,815
221,2
221,50
221,251
221,574
221,578
222,2
222,57
222,147
222,251
222,255
222,281
222,382
222,415
222,419
222,556
222,764
222,815
224,646
225,358
225,578
225,581
225,632
225,815
227,43
227,147
227,418
227,553
227,557
227,570
227,582
227,587
227,591
227,668
227,721
227,768
229,255
229,372
230,43
230,74
230,382
230,441
230,553
230,554
230,563
230,566
230,573
230,582
230,583
230,587
230,631
230,642
230,661
230,666
230,710
230,773
231,2
231,177
231,251
231,352
231,398
232,195
233,74
233,91
233,334
233,352
233,358
233,376
233,382
233,398
233,424
233,426
233,441
233,553
233,573
233,578
233,631
233,764
233,815
234,68
234,238
234,338
234,398
234,426
234,553
234,573
234,578
234,582
234,587
234,589
234,631
234,710
234,815
235,358
235,398
235,441
235,553
235,554
235,578
235,631
237,352
237,373
237,604
238,9
238,50
238,68
238,74
238,91
238,126
238,147
238,198
238,230
238,233
238,234
238,254
238,278
238,281
238,287
238,298
238,334
238,357
238,358
238,373
238,382
238,419
238,420
238,424
238,426
238,441
238,490
238,498
238,532
238,553
238,573
238,583
238,599
238,631
238,632
238,644
238,646
238,678
238,711
238,740
238,743
238,768
238,783
238,798
241,159
241,299
241,358
241,424
241,460
241,551
241,578
241,815
242,50
242,415
242,418
242,424
242,533
242,553
242,554
242,583
244,2
244,334
244,424
244,578
244,581
244,668
244,815
245,6
245,398
245,415
245,578
246,419
246,578
247,251
247,358
247,419
247,420
247,424
247,554
247,578
247,815
248,251
248,419
250,2
250,352
251,29
251,39
251,50
251,53
251,138
251,141
251,159
251,176
251,194
251,198
251,202
251,238
251,279
251,281
251,283
251,287
251,292
251,293
251,298
251,299
251,304
251,320
251,321
251,331
251,337
251,352
251,358
251,380
251,382
251,388
251,419
251,424
251,498
251,529
251,533
251,574
251,581
251,604
251,607
251,640
251,646
251,662
251,666
251,668
251,713
251,739
251,743
251,783
251,814
251,815
253,6
253,16
253,74
253,84
253,91
253,124
253,137
253,183
253,238
253,255
253,278
253,313
253,320
253,336
253,342
253,352
253,359
253,360
253,367
253,380
253,413
253,421
253,460
253,464
253,483
253,497
253,525
253,570
253,579
253,628
253,630
253,690
253,709
253,764
253,797
253,819
254,2
254,48
254,53
254,68
254,82
254,126
254,141
254,153
254,159
254,176
254,178
254,189
254,190
254,192
254,238
254,255
254,255
254,279
254,281
254,283
254,287
254,292
254,298
254,299
254,321
254,335
254,337
254,352
254,354
254,358
254,379
254,388
254,415
254,424
254,426
254,441
254,470
254,496
254,498
254,499
254,532
254,553
254,556
254,573
254,578
254,631
254,632
254,644
254,646
254,662
254,666
254,739
254,741
254,743
254,744
254,750
254,764
254,783
255,2
255,29
255,39
255,45
255,51
255,55
255,66
255,68
255,70
255,74
255,75
255,82
255,84
255,100
255,102
255,122
255,130
255,137
255,141
255,159
255,169
255,175
255,178
255,183
255,184
255,184
255,186
255,188
255,189
255,190
255,192
255,196
255,198
255,199
255,201
255,211
255,215
255,233
255,253
255,256
255,266
255,278
255,286
255,287
255,292
255,294
255,304
255,305
255,316
255,317
255,321
255,325
255,326
255,328
255,329
255,330
255,332
255,334
255,336
255,345
255,350
255,355
255,358
255,359
255,361
255,364
255,378
255,381
255,382
255,390
255,391
255,397
255,398
255,401
255,411
255,415
255,419
255,423
255,424
255,450
255,460
255,466
255,481
255,495
255,496
255,497
255,509
255,512
255,532
255,533
255,539
255,540
255,544
255,549
255,553
255,563
255,566
255,568
255,571
255,574
255,577
255,577
255,578
255,579
255,582
255,586
255,599
255,615
255,631
255,632
255,644
255,665
255,666
255,688
255,689
255,708
255,713
255,720
255,736
255,739
255,743
255,744
255,750
255,780
255,783
256,48
256,74
256,82
256,147
256,159
256,178
256,183
256,188
256,196
256,214
256,255
256,258
256,278
256,286
256,287
256,292
256,304
256,311
256,325
256,328
256,330
256,352
256,354
256,381
256,382
256,388
256,401
256,418
256,434
256,437
256,441
256,460
256,464
256,504
256,505
256,553
256,573
256,582
256,586
256,628
256,631
256,644
256,661
256,665
256,666
256,668
256,678
256,689
256,712
256,733
256,739
256,756
256,758
256,764
256,768
256,780
257,2
257,68
257,175
257,198
257,286
257,321
257,325
257,358
257,362
257,382
257,418
257,467
257,533
257,553
257,569
257,570
257,631
257,668
257,671
257,819
258,25
258,58
258,66
258,70
258,74
258,82
258,84
258,99
258,124
258,168
258,181
258,183
258,188
258,198
258,215
258,230
258,233
258,276
258,279
258,286
258,287
258,288
258,293
258,294
258,304
258,305
258,305
258,325
258,341
258,352
258,361
258,372
258,382
258,388
258,437
258,458
258,466
258,470
258,495
258,497
258,525
258,553
258,554
258,556
258,563
258,577
258,600
258,661
258,665
258,668
258,672
258,694
258,695
258,696
258,720
258,764
259,668
260,184
260,272
260,712
260,778
261,66
261,84
261,255
261,272
261,279
261,286
261,379
261,382
261,504
261,512
261,553
261,556
261,568
261,712
261,743
261,768
264,342
264,447
264,476
264,647
264,712
264,768
265,360
265,556
265,743
266,198
266,287
266,553
266,712
268,198
268,242
268,243
268,367
268,553
269,261
269,286
269,305
269,382
269,556
269,668
269,768
270,275
270,286
270,304
270,325
270,382
270,512
270,553
270,739
271,258
271,305
271,325
271,382
271,499
271,554
271,563
271,568
271,583
271,644
274,58
274,103
275,325
275,761
276,5
276,255
276,258
276,287
276,337
276,360
276,382
276,388
276,423
276,577
276,689
276,708
276,720
276,736
276,739
276,743
276,809
278,16
278,66
278,74
278,156
278,198
278,206
278,238
278,253
278,255
278,276
278,286
278,320
278,321
278,336
278,342
278,352
278,359
278,360
278,382
278,422
278,497
278,568
278,570
278,573
278,628
278,709
278,711
278,713
278,764
279,34
279,39
279,45
279,50
279,53
279,70
279,74
279,138
279,141
279,159
279,176
279,178
279,184
279,238
279,251
279,255
279,258
279,275
279,283
279,287
279,292
279,293
279,298
279,299
279,300
279,320
279,321
279,326
279,331
279,334
279,335
279,337
279,357
279,373
279,374
279,379
279,380
279,388
279,419
279,424
279,459
279,467
279,478
279,489
279,496
279,498
279,499
279,532
279,533
279,572
279,575
279,577
279,578
279,581
279,630
279,632
279,644
279,646
279,649
279,713
279,740
279,743
279,744
279,778
279,783
279,815
283,9
283,14
283,50
283,70
283,74
283,126
283,176
283,184
283,251
283,279
283,281
283,288
283,293
283,316
283,334
283,358
283,388
283,398
283,419
283,476
283,489
283,495
283,567
283,572
283,592
283,604
283,611
283,632
283,646
283,662
283,740
283,743
283,750
283,783
284,2
284,82
284,84
284,151
284,159
284,183
284,190
284,192
284,255
284,272
284,290
284,382
284,420
284,450
284,553
284,556
284,563
284,568
284,573
284,582
284,583
284,587
284,628
284,628
284,690
284,721
284,739
284,750
284,764
284,768
285,287
285,292
285,302
285,335
285,388
286,58
286,66
286,74
286,84
286,140
286,156
286,178
286,181
286,183
286,255
286,258
286,278
286,293
286,294
286,295
286,305
286,324
286,325
286,327
286,336
286,358
286,360
286,381
286,382
286,388
286,401
286,413
286,437
286,461
286,465
286,466
286,470
286,504
286,505
286,530
286,570
286,582
286,627
286,628
286,668
286,689
286,712
286,720
286,758
286,763
286,768
286,796
286,808
287,2
287,9
287,39
287,48
287,50
287,70
287,71
287,103
287,140
287,156
287,157
287,169
287,176
287,178
287,251
287,255
287,258
287,275
287,276
287,279
287,292
287,292
287,298
287,302
287,304
287,311
287,320
287,325
287,327
287,331
287,335
287,341
287,352
287,364
287,372
287,380
287,381
287,382
287,388
287,394
287,424
287,437
287,438
287,490
287,494
287,496
287,504
287,505
287,515
287,532
287,533
287,556
287,578
287,581
287,582
287,595
287,607
287,630
287,637
287,644
287,665
287,721
287,736
287,739
287,743
287,744
287,758
287,768
287,780
287,783
287,815
288,360
288,400
288,466
288,668
290,5
290,6
290,38
290,39
290,55
290,68
290,74
290,77
290,81
290,82
290,84
290,92
290,102
290,102
290,147
290,159
290,164
290,175
290,183
290,186
290,187
290,188
290,189
290,194
290,253
290,258
290,262
290,265
290,266
290,275
290,278
290,284
290,284
290,286
290,291
290,295
290,305
290,325
290,352
290,360
290,382
290,390
290,405
290,418
290,430
290,441
290,445
290,454
290,460
290,466
290,497
290,509
290,524
290,553
290,563
290,565
290,566
290,573
290,582
290,586
290,631
290,661
290,665
290,667
290,678
290,689
290,700
290,720
290,734
290,739
290,764
292,2
292,5
292,39
292,48
292,82
292,103
292,124
292,165
292,178
292,183
292,255
292,258
292,276
292,279
292,287
292,302
292,304
292,325
292,327
292,335
292,337
292,348
292,354
292,372
292,379
292,381
292,382
292,385
292,388
292,415
292,424
292,437
292,455
292,467
292,490
292,499
292,504
292,532
292,556
292,736
292,741
292,750
292,755
292,758
292,768
292,780
292,815
293,14
293,16
293,39
293,50
293,58
293,70
293,74
293,103
293,146
293,171
293,176
293,178
293,181
293,184
293,186
293,251
293,255
293,258
293,275
293,279
293,281
293,283
293,286
293,287
293,292
293,304
293,321
293,324
293,325
293,327
293,331
293,334
293,335
293,342
293,357
293,360
293,377
293,377
293,388
293,397
293,411
293,424
293,437
293,438
293,451
293,455
293,466
293,467
293,470
293,483
293,487
293,489
293,495
293,498
293,532
293,567
293,572
293,577
293,583
293,600
293,604
293,668
293,678
293,712
293,713
293,743
293,744
293,750
293,763
293,783
293,796
293,813
294,14
294,16
294,39
294,50
294,58
294,70
294,74
294,103
294,146
294,171
294,176
294,178
294,181
294,184
294,186
294,251
294,255
294,258
294,275
294,279
294,281
294,283
294,286
294,287
294,292
294,304
294,321
294,324
294,325
294,327
294,331
294,334
294,335
294,342
294,357
294,360
294,377
294,377
294,388
294,397
294,411
294,424
294,437
294,438
294,451
294,455
294,466
294,467
294,470
294,483
294,487
294,489
294,495
294,498
294,532
294,567
294,572
294,577
294,583
294,600
294,604
294,668
294,678
294,712
294,713
294,743
294,744
294,750
294,763
294,783
294,796
294,813
295,16
295,26
295,43
295,68
295,74
295,82
295,84
295,98
295,102
295,137
295,141
295,159
295,166
295,175
295,177
295,183
295,188
295,189
295,198
295,211
295,245
295,253
295,278
295,284
295,286
295,290
295,304
295,326
295,332
295,341
295,344
295,345
295,348
295,352
295,369
295,382
295,388
295,415
295,418
295,460
295,553
295,556
295,579
295,582
295,586
295,599
295,631
295,643
295,661
295,665
295,666
295,689
295,739
295,743
295,764
295,768
295,773
295,797
295,798
295,802
295,808
295,810
295,813
296,258
296,278
296,382
296,388
296,460
296,556
296,582
296,586
296,720
296,744
297,55
297,82
297,102
297,175
297,258
297,286
297,369
297,382
297,497
297,538
297,553
297,556
297,568
297,573
297,582
297,586
297,628
297,665
297,689
297,713
297,739
297,743
297,764
297,768
298,45
298,70
298,72
298,138
298,141
298,176
298,178
298,238
298,251
298,255
298,257
298,279
298,281
298,283
298,287
298,292
298,293
298,299
298,327
298,331
298,334
298,354
298,358
298,380
298,415
298,419
298,424
298,459
298,467
298,476
298,478
298,489
298,496
298,532
298,533
298,578
298,581
298,592
298,632
298,644
298,662
298,736
298,743
298,744
298,783
298,798
299,2
299,48
299,103
299,107
299,255
299,279
299,366
299,632
299,644
299,778
299,783
299,804
301,140
301,156
301,198
301,609
301,712
303,6
303,29
303,66
303,126
303,178
303,251
303,286
303,304
303,324
303,352
303,372
303,398
303,420
303,459
303,462
303,668
303,722
303,819
303,820
304,2
304,39
304,45
304,74
304,84
304,103
304,178
304,183
304,188
304,255
304,256
304,258
304,263
304,272
304,286
304,287
304,288
304,289
304,292
304,293
304,294
304,302
304,305
304,313
304,325
304,327
304,330
304,335
304,342
304,352
304,354
304,360
304,373
304,374
304,381
304,382
304,388
304,394
304,397
304,415
304,437
304,458
304,470
304,490
304,499
304,504
304,505
304,515
304,530
304,530
304,532
304,533
304,553
304,556
304,578
304,583
304,594
304,595
304,607
304,628
304,630
304,640
304,665
304,690
304,739
304,741
304,743
304,778
304,780
304,796
305,25
305,29
305,68
305,74
305,76
305,82
305,84
305,91
305,97
305,103
305,159
305,177
305,183
305,188
305,189
305,198
305,206
305,207
305,214
305,253
305,258
305,266
305,270
305,273
305,275
305,276
305,278
305,286
305,290
305,305
305,308
305,310
305,313
305,321
305,325
305,330
305,336
305,342
305,352
305,360
305,382
305,390
305,415
305,460
305,464
305,483
305,485
305,496
305,497
305,498
305,504
305,509
305,525
305,532
305,553
305,563
305,566
305,568
305,570
305,573
305,582
305,586
305,609
305,628
305,630
305,661
305,665
305,666
305,689
305,690
305,736
305,739
305,743
305,764
305,768
305,769
306,5
309,178
309,188
309,287
309,292
309,325
309,381
309,382
309,388
309,467
309,538
309,556
309,568
309,583
309,780
311,5
311,51
311,74
311,156
311,183
311,188
311,253
311,255
311,256
311,286
311,325
311,360
311,388
311,505
311,515
311,553
311,554
311,556
311,582
311,583
311,586
311,644
311,647
311,665
311,689
311,739
312,553
312,589
312,739
313,2
313,6
313,38
313,55
313,66
313,68
313,74
313,82
313,159
313,172
313,182
313,183
313,186
313,187
313,188
313,189
313,190
313,191
313,253
313,258
313,266
313,273
313,276
313,278
313,286
313,293
313,294
313,304
313,305
313,314
313,321
313,324
313,325
313,327
313,331
313,336
313,341
313,342
313,346
313,352
313,360
313,361
313,382
313,388
313,397
313,424
313,429
313,464
313,466
313,483
313,495
313,498
313,501
313,532
313,553
313,579
313,582
313,586
313,596
313,599
313,600
313,613
313,628
313,643
313,665
313,689
313,707
313,708
313,709
313,713
313,720
313,739
313,758
313,764
313,797
313,798
313,802
313,808
313,810
313,819
315,6
315,57
315,66
315,68
315,74
315,151
315,157
315,158
315,159
315,175
315,188
315,253
315,258
315,266
315,275
315,278
315,312
315,321
315,324
315,332
315,336
315,352
315,382
315,388
315,393
315,397
315,460
315,553
315,568
315,579
315,582
315,586
315,667
315,689
315,690
315,700
315,707
315,711
315,720
315,739
315,764
315,768
315,797
315,798
315,802
315,813
316,2
316,39
316,50
316,255
316,258
316,266
316,279
316,281
316,283
316,287
316,292
316,299
316,320
316,326
316,388
316,419
316,424
316,496
316,533
316,574
316,578
316,604
316,630
316,640
316,644
316,736
316,743
316,744
316,750
316,764
316,778
316,783
316,815
319,6
319,66
319,68
319,74
319,82
319,156
319,168
319,182
319,183
319,188
319,189
319,253
319,278
319,292
319,304
319,322
319,336
319,345
319,354
319,382
319,419
319,460
319,495
319,509
319,525
319,539
319,553
319,556
319,583
319,643
319,661
319,711
319,764
319,768
320,9
320,126
320,147
320,198
320,238
320,251
320,292
320,321
320,335
320,342
320,373
320,388
320,424
320,451
320,496
320,498
320,532
320,644
320,646
320,662
320,713
320,740
320,743
320,783
321,2
321,176
321,367
321,374
321,628
321,646
321,740
321,744
322,188
322,319
322,552
322,556
322,565
322,568
323,39
323,66
323,82
323,84
323,103
323,255
323,279
323,288
323,325
323,360
323,382
323,476
323,483
323,553
323,563
323,582
323,600
323,819
324,29
324,39
324,74
324,177
324,188
324,189
324,192
324,198
324,201
324,214
324,253
324,258
324,263
324,266
324,278
324,286
324,294
324,304
324,320
324,321
324,325
324,336
324,360
324,361
324,371
324,381
324,382
324,387
324,400
324,429
324,430
324,445
324,447
324,462
324,553
324,563
324,577
324,582
324,600
324,659
324,668
324,689
324,690
324,713
324,720
324,725
324,757
324,764
324,768
324,796
324,797
324,798
324,802
324,804
324,808
324,809
324,810
324,813
324,814
324,819
325,2
325,5
325,25
325,39
325,45
325,82
325,84
325,96
325,103
325,124
325,176
325,178
325,183
325,188
325,198
325,214
325,231
325,255
325,256
325,258
325,272
325,275
325,287
325,292
325,304
325,311
325,328
325,341
325,342
325,352
325,354
325,355
325,360
325,373
325,381
325,382
325,388
325,424
325,434
325,437
325,438
325,470
325,490
325,499
325,504
325,507
325,515
325,525
325,532
325,556
325,563
325,568
325,579
325,627
325,628
325,665
325,686
325,712
325,721
325,745
325,758
325,761
325,763
325,764
325,768
325,776
325,780
325,796
328,39
328,58
328,147
328,178
328,258
328,286
328,287
328,292
328,293
328,304
328,325
328,327
328,354
328,355
328,360
328,382
328,388
328,437
328,470
328,568
328,579
328,712
328,739
328,758
328,780
329,103
329,156
329,178
329,184
329,188
329,198
329,255
329,258
329,286
329,287
329,292
329,293
329,304
329,321
329,325
329,336
329,342
329,352
329,360
329,382
329,388
329,437
329,466
329,490
329,532
329,556
329,568
329,628
329,665
329,668
329,678
329,712
329,736
329,739
329,758
329,763
329,768
329,776
329,780
330,103
330,156
330,178
330,184
330,188
330,198
330,255
330,258
330,286
330,287
330,292
330,293
330,304
330,321
330,325
330,336
330,342
330,352
330,360
330,382
330,388
330,437
330,466
330,490
330,532
330,556
330,568
330,628
330,665
330,668
330,678
330,712
330,736
330,739
330,758
330,763
330,768
330,776
330,780
331,2
331,50
331,70
331,126
331,176
331,251
331,279
331,281
331,283
331,287
331,293
331,298
331,388
331,419
331,467
331,495
331,496
331,532
331,572
331,578
331,592
331,600
331,607
331,632
331,640
331,644
331,646
331,648
331,740
331,750
331,764
331,783
331,815
332,5
332,74
332,103
332,124
332,156
332,183
332,190
332,214
332,278
332,320
332,324
332,330
332,336
332,337
332,360
332,388
332,424
332,485
332,497
332,549
332,563
332,570
332,689
332,707
332,712
332,713
332,720
332,743
332,757
332,764
332,776
332,797
334,2
334,29
334,50
334,53
334,68
334,70
334,141
334,159
334,176
334,198
334,202
334,213
334,233
334,234
334,238
334,241
334,255
334,278
334,279
334,281
334,283
334,287
334,293
334,298
334,311
334,317
334,320
334,321
334,326
334,335
334,358
334,388
334,419
334,424
334,467
334,476
334,489
334,496
334,498
334,505
334,515
334,533
334,581
334,583
334,604
334,632
334,640
334,644
334,661
334,662
334,743
334,744
334,764
334,783
334,815
336,5
336,6
336,16
336,16
336,66
336,74
336,91
336,103
336,124
336,150
336,175
336,183
336,186
336,190
336,198
336,205
336,206
336,255
336,278
336,286
336,304
336,305
336,319
336,320
336,321
336,324
336,341
336,342
336,360
336,382
336,385
336,400
336,413
336,430
336,462
336,464
336,485
336,505
336,525
336,556
336,568
336,570
336,571
336,579
336,630
336,663
336,671
336,690
336,691
336,709
336,771
336,779
337,2
337,5
337,9
337,50
337,55
337,57
337,68
337,74
337,82
337,91
337,135
337,159
337,163
337,165
337,167
337,177
337,178
337,183
337,189
337,190
337,198
337,199
337,233
337,234
337,238
337,251
337,253
337,254
337,257
337,258
337,260
337,266
337,274
337,276
337,278
337,279
337,286
337,287
337,288
337,292
337,294
337,304
337,324
337,325
337,326
337,329
337,334
337,339
337,352
337,354
337,358
337,361
337,364
337,366
337,382
337,388
337,423
337,424
337,427
337,430
337,433
337,448
337,449
337,455
337,459
337,460
337,466
337,470
337,495
337,497
337,509
337,514
337,532
337,553
337,566
337,573
337,574
337,578
337,579
337,607
337,611
337,615
337,628
337,632
337,646
337,661
337,666
337,667
337,686
337,689
337,720
337,729
337,736
337,739
337,741
337,743
337,744
337,750
337,758
337,763
337,780
337,795
337,797
337,798
337,802
337,807
337,808
337,809
337,810
337,813
337,818
337,819
338,124
338,241
338,371
338,382
338,540
338,551
338,556
338,589
338,739
338,808
338,819
340,5
340,39
340,68
340,103
340,124
340,177
340,183
340,189
340,190
340,255
340,287
340,292
340,335
340,336
340,379
340,382
340,388
340,448
340,497
340,499
340,525
340,556
340,568
340,582
340,583
340,628
340,713
340,743
340,768
340,797
341,39
341,43
341,55
341,74
341,137
341,163
341,175
341,184
341,188
341,198
341,211
341,214
341,230
341,233
341,238
341,239
341,245
341,256
341,258
341,263
341,266
341,275
341,276
341,278
341,286
341,287
341,294
341,304
341,325
341,327
341,352
341,354
341,369
341,381
341,382
341,388
341,424
341,437
341,441
341,445
341,454
341,470
341,505
341,553
341,563
341,573
341,582
341,586
341,599
341,611
341,631
341,661
341,665
341,666
341,688
341,689
341,720
341,739
341,743
341,757
341,764
341,797
341,798
341,802
341,808
341,809
341,810
341,815
342,6
342,68
342,74
342,147
342,156
342,175
342,187
342,198
342,211
342,214
342,223
342,227
342,230
342,233
342,241
342,253
342,278
342,284
342,316
342,320
342,321
342,336
342,359
342,382
342,395
342,415
342,418
342,460
342,497
342,553
342,556
342,566
342,582
342,628
342,671
342,689
342,711
342,764
342,768
343,6
343,43
343,55
343,57
343,68
343,74
343,198
343,214
343,223
343,230
343,233
343,278
343,420
343,441
343,554
343,556
343,566
343,582
343,583
343,764
343,768
344,74
344,159
344,188
344,258
344,266
344,278
344,286
344,327
344,336
344,382
344,393
344,460
344,553
344,568
344,583
344,678
344,689
344,713
344,768
345,2
345,33
345,43
345,57
345,66
345,68
345,74
345,82
345,124
345,159
345,175
345,178
345,180
345,189
345,198
345,199
345,201
345,220
345,233
345,241
345,253
345,255
345,278
345,287
345,304
345,313
345,320
345,321
345,325
345,354
345,355
345,362
345,367
345,371
345,379
345,382
345,388
345,397
345,424
345,430
345,460
345,533
345,553
345,566
345,577
345,578
345,581
345,604
345,611
345,642
345,661
345,668
345,671
345,713
345,739
345,743
345,744
345,764
345,768
345,772
345,815
345,819
348,103
348,115
348,198
348,206
348,244
348,360
348,379
348,579
349,25
349,84
349,181
349,258
349,284
349,286
349,292
349,305
349,325
349,360
349,382
349,461
349,476
349,504
349,556
349,563
349,568
349,582
349,712
349,767
350,43
350,84
350,103
350,156
350,198
350,215
350,230
350,233
350,241
350,258
350,262
350,325
350,360
350,382
350,419
350,467
350,553
350,556
350,570
350,630
350,678
350,712
350,739
351,103
351,439
351,722
352,2
352,6
352,45
352,57
352,74
352,80
352,82
352,124
352,159
352,183
352,198
352,201
352,220
352,233
352,234
352,255
352,278
352,304
352,313
352,321
352,324
352,341
352,342
352,345
352,353
352,354
352,360
352,371
352,382
352,390
352,420
352,424
352,441
352,449
352,460
352,462
352,483
352,485
352,499
352,524
352,532
352,553
352,566
352,568
352,573
352,578
352,581
352,582
352,594
352,628
352,631
352,647
352,661
352,689
352,736
352,739
352,741
352,753
352,764
352,776
352,797
352,802
352,804
352,807
352,815
352,819
353,27
353,50
353,103
353,255
353,354
353,360
353,382
353,467
353,573
353,604
353,628
353,630
353,668
354,2
354,5
354,74
354,84
354,124
354,140
354,255
354,276
354,287
354,292
354,324
354,325
354,337
354,352
354,358
354,360
354,364
354,381
354,382
354,421
354,441
354,460
354,470
354,499
354,554
354,568
354,570
354,573
354,583
354,594
354,628
354,665
354,668
354,686
354,691
354,712
354,736
355,178
355,186
355,198
355,255
355,287
355,292
355,304
355,325
355,327
355,330
355,351
355,354
355,360
355,382
355,437
355,461
355,470
355,579
355,628
355,712
355,768
355,780
356,6
356,68
356,74
356,91
356,103
356,157
356,188
356,198
356,233
356,255
356,352
356,360
356,382
356,413
356,430
356,525
356,553
356,609
356,630
356,631
356,668
356,720
356,764
356,815
357,2
357,33
357,45
357,51
357,70
357,82
357,141
357,176
357,198
357,227
357,233
357,238
357,254
357,279
357,281
357,283
357,287
357,292
357,293
357,298
357,299
357,334
357,335
357,379
357,388
357,424
357,489
357,496
357,498
357,532
357,578
357,581
357,600
357,604
357,632
357,640
357,744
357,750
357,783
357,815
358,2
358,28
358,43
358,45
358,57
358,68
358,159
358,176
358,198
358,201
358,216
358,220
358,225
358,227
358,235
358,238
358,241
358,251
358,255
358,279
358,281
358,283
358,286
358,287
358,292
358,298
358,299
358,320
358,321
358,337
358,360
358,364
358,369
358,380
358,382
358,388
358,398
358,415
358,418
358,419
358,424
358,443
358,459
358,495
358,498
358,505
358,515
358,539
358,553
358,556
358,566
358,578
358,581
358,583
358,599
358,604
358,631
358,637
358,642
358,646
358,661
358,736
358,743
358,744
358,764
358,783
358,815
359,367
360,45
360,74
360,156
360,336
360,352
360,359
360,382
360,388
360,397
360,460
360,465
360,466
360,570
360,579
360,648
360,768
361,743
361,763
361,796
364,103
364,255
364,276
364,337
365,74
365,156
365,175
365,273
365,278
365,294
365,305
365,308
365,313
365,327
365,336
365,467
365,476
365,553
365,573
365,579
365,583
366,2
366,5
366,39
366,50
366,53
366,68
366,141
366,251
366,278
366,279
366,299
366,345
366,357
366,358
366,367
366,388
366,398
366,460
366,467
366,495
366,532
366,539
366,553
366,556
366,574
366,578
366,583
366,604
366,607
366,644
366,648
366,678
366,739
366,740
366,768
367,103
367,198
367,342
367,420
367,556
367,570
367,628
367,630
367,764
367,773
369,43
369,45
369,74
369,103
369,255
369,360
369,382
369,408
369,421
369,459
369,497
369,499
369,525
369,553
369,554
369,582
369,661
369,666
369,712
369,768
370,74
370,278
370,286
370,288
370,336
370,353
371,43
371,66
371,68
371,69
371,74
371,124
371,198
371,201
371,233
371,241
371,253
371,278
371,286
371,324
371,339
371,342
371,345
371,382
371,388
371,397
371,496
371,538
371,539
371,540
371,551
371,553
371,554
371,582
371,586
371,690
371,768
371,819
373,48
373,279
373,287
373,388
373,467
373,533
373,604
373,783
373,815
374,390
374,743
374,783
377,70
377,138
377,176
377,258
377,279
377,283
377,292
377,293
377,304
377,364
377,387
377,388
377,411
377,424
377,429
377,466
377,495
377,600
377,611
377,662
377,740
377,743
377,744
377,783
377,814
379,39
379,165
379,188
379,251
379,254
379,292
379,317
379,382
379,387
379,401
379,441
379,448
379,470
379,496
379,556
379,583
379,744
379,797
381,437
382,5
382,43
382,68
382,71
382,74
382,82
382,84
382,103
382,124
382,147
382,150
382,168
382,177
382,188
382,233
382,255
382,258
382,276
382,278
382,286
382,304
382,322
382,325
382,341
382,342
382,352
382,354
382,360
382,367
382,388
382,437
382,441
382,454
382,460
382,466
382,470
382,499
382,504
382,505
382,515
382,525
382,553
382,556
382,563
382,628
382,661
382,665
382,666
382,712
382,720
382,739
382,743
382,763
382,764
382,796
384,360
384,382
384,499
384,594
384,611
384,797
384,815
385,39
385,45
385,82
385,122
385,177
385,278
385,287
385,336
385,360
385,388
385,430
385,448
385,490
385,499
385,532
385,570
385,589
385,615
385,628
385,686
385,713
385,743
385,797
387,14
387,74
387,141
387,142
387,189
387,194
387,286
387,300
387,318
387,324
387,388
387,420
387,424
387,565
387,610
387,611
387,661
387,666
387,743
388,2
388,39
388,45
388,50
388,58
388,70
388,74
388,82
388,103
388,156
388,176
388,178
388,183
388,184
388,189
388,238
388,255
388,258
388,266
388,276
388,279
388,281
388,283
388,286
388,287
388,288
388,292
388,293
388,304
388,313
388,316
388,325
388,331
388,337
388,341
388,352
388,358
388,360
388,361
388,364
388,382
388,397
388,411
388,419
388,422
388,424
388,437
388,438
388,445
388,449
388,454
388,455
388,459
388,460
388,462
388,465
388,466
388,467
388,483
388,487
388,495
388,496
388,498
388,499
388,505
388,512
388,515
388,524
388,530
388,532
388,553
388,567
388,572
388,574
388,577
388,578
388,582
388,586
388,589
388,592
388,600
388,607
388,632
388,640
388,644
388,646
388,648
388,665
388,678
388,689
388,690
388,694
388,712
388,720
388,736
388,740
388,744
388,750
388,758
388,763
388,768
388,780
388,783
388,796
388,797
388,802
388,804
388,809
388,815
391,58
391,70
391,140
391,147
391,178
391,183
391,255
391,279
391,287
391,292
391,302
391,311
391,335
391,372
391,415
391,424
391,467
391,499
391,515
391,532
391,533
391,556
391,568
391,574
391,578
391,595
391,600
391,665
391,733
391,750
391,768
397,6
397,57
397,66
397,70
397,159
397,176
397,184
397,194
397,255
397,293
397,313
397,321
397,360
397,387
397,390
397,419
397,424
397,467
397,476
397,489
397,553
397,567
397,581
397,600
397,611
397,615
397,646
397,662
397,668
397,736
397,740
397,743
397,744
397,761
397,768
397,783
397,802
397,814
397,815
397,819
398,2
398,57
398,141
398,188
398,198
398,201
398,209
398,219
398,255
398,283
398,299
398,325
398,327
398,328
398,337
398,345
398,354
398,360
398,379
398,382
398,419
398,424
398,467
398,553
398,568
398,578
398,581
398,604
398,646
398,661
398,662
398,668
398,713
398,740
398,743
398,810
398,815
400,39
400,45
400,74
400,82
400,103
400,198
400,214
400,219
400,242
400,255
400,287
400,292
400,331
400,336
400,341
400,342
400,352
400,358
400,360
400,382
400,399
400,424
400,467
400,499
400,532
400,533
400,535
400,553
400,554
400,556
400,563
400,570
400,582
400,599
400,644
400,764
400,768
401,39
401,57
401,68
401,74
401,156
401,177
401,189
401,192
401,198
401,199
401,225
401,233
401,257
401,273
401,304
401,305
401,327
401,336
401,342
401,344
401,352
401,382
401,388
401,415
401,430
401,460
401,461
401,532
401,553
401,563
401,565
401,568
401,570
401,573
401,574
401,578
401,611
401,666
401,668
401,678
401,688
401,750
401,764
401,768
402,68
402,130
402,157
402,233
402,382
402,416
402,563
402,583
402,718
402,768
402,804
403,43
403,68
403,382
403,544
403,556
403,668
403,797
405,58
405,68
405,130
405,276
405,416
405,549
405,553
405,556
405,631
405,668
405,718
405,720
407,68
407,130
407,342
407,416
407,556
408,6
408,55
408,255
408,305
408,341
408,345
408,352
408,360
408,382
408,457
408,483
408,556
408,582
408,600
408,732
408,753
408,768
408,776
409,198
409,206
409,233
409,305
409,382
409,498
409,532
409,583
409,718
410,43
410,55
410,68
410,82
410,135
410,156
410,175
410,183
410,188
410,189
410,199
410,253
410,258
410,259
410,273
410,324
410,345
410,382
410,388
410,553
410,582
410,586
410,661
410,666
410,720
410,739
410,764
410,768
411,70
411,184
411,198
411,283
411,293
411,320
411,330
411,388
411,415
411,424
411,467
411,489
411,498
411,572
411,600
411,630
411,644
411,662
411,740
411,743
411,744
411,783
413,2
413,6
413,16
413,25
413,38
413,43
413,55
413,57
413,68
413,74
413,91
413,135
413,159
413,175
413,178
413,182
413,183
413,188
413,189
413,190
413,193
413,196
413,197
413,253
413,257
413,258
413,262
413,263
413,278
413,286
413,290
413,304
413,307
413,311
413,324
413,325
413,330
413,336
413,345
413,352
413,354
413,355
413,371
413,381
413,382
413,391
413,397
413,419
413,430
413,453
413,460
413,462
413,485
413,524
413,553
413,568
413,571
413,582
413,586
413,635
413,648
413,661
413,665
413,688
413,689
413,711
413,739
413,758
413,764
413,780
413,815
413,819
415,39
417,242
418,6
419,2
419,6
419,29
419,50
419,70
419,124
419,126
419,159
419,176
419,183
419,198
419,214
419,238
419,246
419,251
419,254
419,279
419,281
419,283
419,287
419,298
419,299
419,316
419,320
419,331
419,334
419,358
419,382
419,388
419,397
419,398
419,424
419,451
419,467
419,495
419,496
419,498
419,529
419,532
419,540
419,574
419,578
419,581
419,592
419,607
419,632
419,637
419,644
419,646
419,662
419,712
419,740
419,743
419,750
419,783
419,815
421,369
424,2
424,29
424,50
424,70
424,141
424,156
424,183
424,198
424,238
424,254
424,255
424,276
424,279
424,281
424,283
424,287
424,293
424,298
424,299
424,334
424,335
424,337
424,357
424,358
424,372
424,388
424,397
424,398
424,400
424,411
424,415
424,419
424,451
424,455
424,459
424,487
424,498
424,515
424,525
424,532
424,533
424,567
424,574
424,577
424,578
424,581
424,592
424,599
424,600
424,604
424,607
424,611
424,632
424,640
424,644
424,646
424,648
424,662
424,666
424,720
424,743
424,744
424,750
424,761
424,764
424,779
424,783
424,815
425,198
425,206
425,238
426,198
426,205
426,238
428,198
428,206
429,14
429,74
429,172
429,178
429,194
429,238
429,258
429,294
429,304
429,325
429,357
429,358
429,388
429,397
429,424
429,476
429,501
429,529
429,574
429,631
429,689
429,740
429,743
430,2
430,50
430,64
430,66
430,103
430,115
430,124
430,189
430,255
430,278
430,287
430,292
430,305
430,306
430,320
430,321
430,336
430,340
430,342
430,352
430,360
430,362
430,382
430,385
430,415
430,483
430,498
430,499
430,525
430,553
430,564
430,565
430,570
430,578
430,583
430,628
430,663
430,668
430,671
430,713
430,743
430,771
430,797
430,815
432,360
432,408
432,420
432,668
432,712
435,68
435,103
435,177
435,258
435,382
435,415
435,556
435,568
435,582
435,628
435,713
435,768
436,5
436,16
436,103
436,124
436,183
436,255
436,316
436,342
436,372
436,499
436,570
436,661
436,668
436,712
436,764
436,768
437,39
437,45
437,158
437,178
437,186
437,255
437,258
437,286
437,287
437,292
437,293
437,304
437,325
437,328
437,341
437,355
437,382
437,386
437,388
437,420
437,470
437,532
437,568
437,579
437,604
437,615
437,628
437,665
437,666
437,722
437,768
437,780
438,255
440,50
440,74
440,84
440,255
440,287
440,334
440,336
440,337
440,360
440,382
440,420
440,476
440,499
440,533
440,556
440,570
440,607
440,611
440,632
440,644
440,665
441,43
441,55
441,74
441,103
441,175
441,198
441,230
441,233
441,234
441,238
441,255
441,341
441,352
441,360
441,382
441,401
441,424
441,498
441,533
441,553
441,554
441,563
441,566
441,570
441,573
441,582
441,631
441,661
441,662
441,665
441,666
441,764
442,6
442,74
442,84
442,156
442,198
442,246
442,360
442,419
442,533
442,599
442,609
442,628
443,258
443,287
443,341
443,352
443,382
443,497
443,532
443,563
443,582
443,644
443,685
444,446
445,136
445,258
445,332
445,360
445,388
445,594
445,613
445,667
445,689
445,809
445,817
447,66
447,163
447,183
447,255
447,258
447,275
447,286
447,292
447,324
447,325
447,360
447,388
447,397
447,467
447,495
447,504
447,567
447,583
447,600
447,635
447,643
447,668
447,672
447,678
447,694
447,720
447,743
448,2
448,5
448,39
448,82
448,103
448,177
448,189
448,255
448,337
448,352
448,360
448,379
448,380
448,382
448,385
448,387
448,415
448,479
448,497
448,556
448,563
448,570
448,661
448,666
448,686
448,688
448,691
448,764
449,77
449,103
449,178
449,255
530,15
530,140
530,255
530,256
530,311
530,324
530,325
530,341
530,360
530,382
530,570
530,768
582,45
582,57
582,68
582,74
582,82
582,103
582,156
582,175
582,178
582,183
582,188
582,198
582,215
582,230
582,233
582,258
582,263
582,269
582,284
582,286
582,304
582,325
582,327
582,341
582,352
582,354
582,367
582,379
582,380
582,382
582,390
582,419
582,424
582,437
582,441
582,466
582,467
582,476
582,485
582,497
582,504
582,509
582,525
582,553
582,556
582,563
582,569
582,570
582,573
582,579
582,582
582,583
582,599
582,609
582,628
582,637
582,661
582,665
582,668
582,688
582,689
582,694
582,697
582,732
582,738
582,753
582,764
582,768
582,776
582,819
716,84
716,183
716,258
716,287
716,292
716,355
716,382
716,388
716,556
716,579
716,768
716,780
736,39
736,103
736,112
736,178
736,254
736,255
736,258
736,275
736,276
736,279
736,282
736,287
736,288
736,289
736,292
736,304
736,325
736,330
736,337
736,342
736,354
736,358
736,360
736,364
736,377
736,382
736,388
736,437
736,455
736,460
736,466
736,478
736,490
736,495
736,496
736,532
736,600
736,630
736,646
736,689
736,690
736,712
736,720
736,739
736,750
736,758
736,776
736,780
736,783
821,70
821,140
821,255
821,258
821,305
821,495
821,552
821,567
821,577
821,582
821,712
821,750
821,768